---------------------------------------------------------
Longitudinal A and B matrix Results:
---------------------------------------------------------
Matrix A:
---------------------------------------------------------
  -0.0494398    0.4030557   -0.0518347    0.0000000    0.0000000   -0.6334613
  -1.2642440   -5.4972224   10.8635114    0.0000000    0.0000000   -0.0000000
  -0.0078881   -1.2942025   -9.7180625    0.0000000    0.0000000    0.0000000
   1.0000000    0.0000000    0.0000000    0.0000000    0.0000000   -0.0000000
  -0.0000000    1.0000000    0.0000000    0.0000000    0.0000000   -1.0000000
   0.0000000    0.0000000    1.0000000    0.0000000    0.0000000    0.0000000
---------------------------------------------------------
Matrix B:
---------------------------------------------------------
  13.2022185    0.0000000    0.0000000    0.0000000    0.0000000    0.0000000
   0.0000000   13.9579185    0.0000000    0.0000000    0.0000000    0.0000000
   0.0000000    1.9067000   72.2697728    0.0000000    0.0000000    0.0000000
   0.0000000    0.0000000    0.0000000    1.0000000    0.0000000    0.0000000
   0.0000000    0.0000000    0.0000000    0.0000000    1.0000000    0.0000000
   0.0000000    0.0000000    0.0000000    0.0000000    0.0000000    1.0000000
---------------------------------------------------------
Matrix C:
---------------------------------------------------------
  -0.0037448    0.0305294   -0.0039262    0.0000000    0.0000000   -0.0479814
  -0.0905754   -0.3938426    0.7783045    0.0000000    0.0000000    0.0000000
   0.0022805   -0.0075172   -0.1550033    0.0000000    0.0000000    0.0000000
   1.0000000    0.0000000    0.0000000    0.0000000    0.0000000    0.0000000
   0.0000000    1.0000000    0.0000000    0.0000000    0.0000000   -1.0000000
   0.0000000    0.0000000    1.0000000    0.0000000    0.0000000    0.0000000
