---------------------------------------------------------
Lateral A and B matrix Results:
---------------------------------------------------------
Matrix A:
---------------------------------------------------------
  -0.3790721   -0.3117260   -0.7497256    0.0000000    0.6334613    0.0000000
  -0.1429738   -0.6308458    0.1027079    0.0000000    0.0000000    0.0000000
   0.0851695    0.0516677   -0.0797355    0.0000000    0.0000000    0.0000000
   1.0000000    0.0000000    0.0000000    0.0000000    0.0000000    1.0000000
   0.0000000    1.0000000    0.0000000    0.0000000    0.0000000    0.0000000
   0.0000000    0.0000000    1.0000000    0.0000000    0.0000000    0.0000000
---------------------------------------------------------
Matrix B:
---------------------------------------------------------
   1.1001849    0.0000000    0.0000000    0.0000000    0.0000000    0.0000000
   0.0000000    0.0561785   -0.0018044    0.0000000    0.0000000    0.0000000
   0.0000000   -0.0018044    0.0948601    0.0000000    0.0000000    0.0000000
   0.0000000    0.0000000    0.0000000    1.0000000    0.0000000    0.0000000
   0.0000000    0.0000000    0.0000000    0.0000000    1.0000000    0.0000000
   0.0000000    0.0000000    0.0000000    0.0000000    0.0000000    1.0000000
---------------------------------------------------------
Matrix C:
---------------------------------------------------------
  -0.3445531   -0.2833396   -0.6814542    0.0000000    0.5757771    0.0000000
  -2.5176929  -11.2186707    1.8023452    0.0000000    0.0000000    0.0000000
   0.8499536    0.3312782   -0.8062752    0.0000000    0.0000000    0.0000000
   1.0000000    0.0000000    0.0000000    0.0000000    0.0000000    1.0000000
   0.0000000    1.0000000    0.0000000    0.0000000    0.0000000    0.0000000
   0.0000000    0.0000000    1.0000000    0.0000000    0.0000000    0.0000000
