---------------------------------------------------------
Lateral A and B matrix Results:
---------------------------------------------------------
Matrix A:
---------------------------------------------------------
  -0.3795048   -0.3443513   -0.7427329    0.0000000    0.6279976    0.0000000
  -0.1423375   -0.6309400    0.2741237    0.0000000    0.0000000    0.0000000
   0.0855892   -0.0506944   -0.0792578    0.0000000    0.0000000    0.0000000
   1.0000000    0.0000000    0.0000000    0.0000000    0.0000000    1.0000000
   0.0000000    1.0000000    0.0000000    0.0000000    0.0000000    0.0000000
   0.0000000    0.0000000    1.0000000    0.0000000    0.0000000    0.0000000
---------------------------------------------------------
Matrix B:
---------------------------------------------------------
   1.0908220    0.0000000    0.0000000    0.0000000    0.0000000    0.0000000
   0.0000000    0.0557029   -0.0018096    0.0000000    0.0000000    0.0000000
   0.0000000   -0.0018096    0.0940969    0.0000000    0.0000000    0.0000000
   0.0000000    0.0000000    0.0000000    1.0000000    0.0000000    0.0000000
   0.0000000    0.0000000    0.0000000    0.0000000    1.0000000    0.0000000
   0.0000000    0.0000000    0.0000000    0.0000000    0.0000000    1.0000000
---------------------------------------------------------
Matrix C:
---------------------------------------------------------
  -0.3479072   -0.3156805   -0.6808929    0.0000000    0.5757104    0.0000000
  -2.5273303  -11.3514784    4.8968746    0.0000000    0.0000000    0.0000000
   0.8609827   -0.7570442   -0.7481288    0.0000000    0.0000000    0.0000000
   1.0000000    0.0000000    0.0000000    0.0000000    0.0000000    1.0000000
   0.0000000    1.0000000    0.0000000    0.0000000    0.0000000    0.0000000
   0.0000000    0.0000000    1.0000000    0.0000000    0.0000000    0.0000000
