---------------------------------------------------------
Longitudinal A and B matrix Results:
---------------------------------------------------------
Matrix A:
---------------------------------------------------------
  -0.0490795    0.4002286   -0.0512626    0.0000000    0.0000000   -0.6279976
  -1.2559951   -5.5025700   10.7304715    0.0000000    0.0000000   -0.0000000
  -0.0091239   -1.3101994   -9.7591993    0.0000000    0.0000000    0.0000000
   1.0000000    0.0000000    0.0000000    0.0000000    0.0000000   -0.0000000
  -0.0000000    1.0000000    0.0000000    0.0000000    0.0000000   -1.0000000
   0.0000000    0.0000000    1.0000000    0.0000000    0.0000000    0.0000000
---------------------------------------------------------
Matrix B:
---------------------------------------------------------
  13.0898642    0.0000000    0.0000000    0.0000000    0.0000000    0.0000000
   0.0000000   13.8455642    0.0000000    0.0000000    0.0000000    0.0000000
   0.0000000    1.9067000   71.6471049    0.0000000    0.0000000    0.0000000
   0.0000000    0.0000000    0.0000000    1.0000000    0.0000000    0.0000000
   0.0000000    0.0000000    0.0000000    0.0000000    1.0000000    0.0000000
   0.0000000    0.0000000    0.0000000    0.0000000    0.0000000    1.0000000
---------------------------------------------------------
Matrix C:
---------------------------------------------------------
  -0.0037494    0.0305755   -0.0039162    0.0000000    0.0000000   -0.0479759
  -0.0907146   -0.3974248    0.7750115    0.0000000    0.0000000    0.0000000
   0.0022868   -0.0077104   -0.1568370    0.0000000    0.0000000    0.0000000
   1.0000000    0.0000000    0.0000000    0.0000000    0.0000000    0.0000000
   0.0000000    1.0000000    0.0000000    0.0000000    0.0000000   -1.0000000
   0.0000000    0.0000000    1.0000000    0.0000000    0.0000000    0.0000000
