---------------------------------------------------------
Longitudinal A and B matrix Results:
---------------------------------------------------------
Matrix A:
---------------------------------------------------------
  -0.0489831    0.4002270   -0.1241000    0.0000000    0.0000000   -0.6280000
  -1.2560000   -5.5024916   10.7304642    0.0000000    0.0000000   -0.0000000
  -0.0092000   -1.3102000   -9.7591000    0.0000000    0.0000000    0.0000000
   1.0000000    0.0000000    0.0000000    0.0000000    0.0000000   -0.0000000
  -0.0000000    1.0000000    0.0000000    0.0000000    0.0000000   -1.0000000
   0.0000000    0.0000000    1.0000000    0.0000000    0.0000000    0.0000000
---------------------------------------------------------
Matrix B:
---------------------------------------------------------
  13.0898642    0.0000000    0.0000000    0.0000000    0.0000000    0.0000000
   0.0000000   13.8455642    0.0000000    0.0000000    0.0000000    0.0000000
   0.0000000    1.9067000   71.6471049    0.0000000    0.0000000    0.0000000
   0.0000000    0.0000000    0.0000000    1.0000000    0.0000000    0.0000000
   0.0000000    0.0000000    0.0000000    0.0000000    1.0000000    0.0000000
   0.0000000    0.0000000    0.0000000    0.0000000    0.0000000    1.0000000
---------------------------------------------------------
Matrix C:
---------------------------------------------------------
  -0.0037421    0.0305753   -0.0094806    0.0000000    0.0000000   -0.0479761
  -0.0907150   -0.3974191    0.7750110    0.0000000    0.0000000    0.0000000
   0.0022857   -0.0077106   -0.1568356    0.0000000    0.0000000    0.0000000
   1.0000000    0.0000000    0.0000000    0.0000000    0.0000000    0.0000000
   0.0000000    1.0000000    0.0000000    0.0000000    0.0000000   -1.0000000
   0.0000000    0.0000000    1.0000000    0.0000000    0.0000000    0.0000000
