---------------------------------------------------------
Lateral A and B matrix Results:
---------------------------------------------------------
Matrix A:
---------------------------------------------------------
  -0.3795000   -0.3336000   -0.7427220    0.0000000    0.6280000    0.0000000
  -0.1423000   -0.6309000    0.2747000    0.0000000    0.0000000    0.0000000
   0.0856000   -0.0530000   -0.0793000    0.0000000    0.0000000    0.0000000
   1.0000000    0.0000000    0.0000000    0.0000000    0.0000000    1.0000000
   0.0000000    1.0000000    0.0000000    0.0000000    0.0000000    0.0000000
   0.0000000    0.0000000    1.0000000    0.0000000    0.0000000    0.0000000
---------------------------------------------------------
Matrix B:
---------------------------------------------------------
   1.0908220    0.0000000    0.0000000    0.0000000    0.0000000    0.0000000
   0.0000000    0.0557029   -0.0018096    0.0000000    0.0000000    0.0000000
   0.0000000   -0.0018096    0.0940969    0.0000000    0.0000000    0.0000000
   0.0000000    0.0000000    0.0000000    1.0000000    0.0000000    0.0000000
   0.0000000    0.0000000    0.0000000    0.0000000    1.0000000    0.0000000
   0.0000000    0.0000000    0.0000000    0.0000000    0.0000000    1.0000000
---------------------------------------------------------
Matrix C:
---------------------------------------------------------
  -0.3479028   -0.3058244   -0.6808829    0.0000000    0.5757126    0.0000000
  -2.5266522  -11.3515567    4.9072118    0.0000000    0.0000000    0.0000000
   0.8611107   -0.7815481   -0.7483785    0.0000000    0.0000000    0.0000000
   1.0000000    0.0000000    0.0000000    0.0000000    0.0000000    1.0000000
   0.0000000    1.0000000    0.0000000    0.0000000    0.0000000    0.0000000
   0.0000000    0.0000000    1.0000000    0.0000000    0.0000000    0.0000000
