 Time[sec]           u[ft/s]             v[ft/s]             w[ft/s]             p[rad/s]            q[rad/s]            r[rad/s]            x[ft]               y[ft]               Altitude[ft]           Bank_Angle[deg]             Elevation_Angle[deg]                  Heading_Angle[deg]        Gust_xf[ft/s]       Gust_yf[ft/s]           Gust_zf[ft/s] 
  0.000000000000E+00  1.256000000000E+01  0.000000000000E+00  0.000000000000E+00  0.000000000000E+00  0.000000000000E+00  0.000000000000E+00  0.000000000000E+00  0.000000000000E+00  4.761000000000E+03  0.000000000000E+00  0.000000000000E+00  0.000000000000E+00  0.000000000000E+00  0.000000000000E+00  0.000000000000E+00 
  5.000000000000E-02  1.252878961360E+01  0.000000000000E+00  1.840021294604E-01  0.000000000000E+00 -1.522279412568E-02  0.000000000000E+00  6.271377539973E-01  0.000000000000E+00  4.760994698462E+03  0.000000000000E+00 -1.621180826281E-02  0.000000000000E+00  0.000000000000E+00  0.000000000000E+00  0.000000000000E+00 
  1.000000000000E-01  1.251162929091E+01  0.000000000000E+00  2.692003826503E-01  0.000000000000E+00 -3.624269454863E-02  0.000000000000E+00  1.253086725481E+00  0.000000000000E+00  4.760982539891E+03  0.000000000000E+00 -8.954684521282E-02  0.000000000000E+00  0.000000000000E+00  0.000000000000E+00  0.000000000000E+00 
  1.500000000000E-01  1.250397171827E+01  0.000000000000E+00  3.056353950133E-01  0.000000000000E+00 -5.557099609313E-02  0.000000000000E+00  1.878400114891E+00  0.000000000000E+00  4.760966368938E+03  0.000000000000E+00 -2.216493954261E-01  0.000000000000E+00  0.000000000000E+00  0.000000000000E+00  0.000000000000E+00 
  2.000000000000E-01  1.250365751217E+01  0.000000000000E+00  3.181068035012E-01  0.000000000000E+00 -7.128295803363E-02  0.000000000000E+00  2.503467407634E+00  0.000000000000E+00  4.760947327989E+03  0.000000000000E+00 -4.042179825104E-01  0.000000000000E+00  0.000000000000E+00  0.000000000000E+00  0.000000000000E+00 
  2.500000000000E-01  1.250996604831E+01  0.000000000000E+00  3.190912780679E-01  0.000000000000E+00 -8.316091451860E-02  0.000000000000E+00  3.128612176761E+00  0.000000000000E+00  4.760925770869E+03  0.000000000000E+00 -6.262897169588E-01  0.000000000000E+00  0.000000000000E+00  0.000000000000E+00  0.000000000000E+00 
  3.000000000000E-01  1.252283474036E+01  0.000000000000E+00  3.146158908179E-01  0.000000000000E+00 -9.163908609654E-02  0.000000000000E+00  3.754142884282E+00  0.000000000000E+00  4.760901722840E+03  0.000000000000E+00 -8.774016858545E-01  0.000000000000E+00  0.000000000000E+00  0.000000000000E+00  0.000000000000E+00 
  3.500000000000E-01  1.254241185647E+01  0.000000000000E+00  3.074081655102E-01  0.000000000000E+00 -9.731651036005E-02  0.000000000000E+00  4.380372868509E+00  0.000000000000E+00  4.760875101867E+03  0.000000000000E+00 -1.148655129510E+00  0.000000000000E+00  0.000000000000E+00  0.000000000000E+00  0.000000000000E+00 
  4.000000000000E-01  1.256884063930E+01  0.000000000000E+00  2.985728366826E-01  0.000000000000E+00 -1.007545994964E-01  0.000000000000E+00  5.007624730547E+00  0.000000000000E+00  4.760845817911E+03  0.000000000000E+00 -1.432846352445E+00  0.000000000000E+00  0.000000000000E+00  0.000000000000E+00  0.000000000000E+00 
  4.500000000000E-01  1.260217278947E+01  0.000000000000E+00  2.884670133749E-01  0.000000000000E+00 -1.024109164797E-01  0.000000000000E+00  5.636227899982E+00  0.000000000000E+00  4.760813811932E+03  0.000000000000E+00 -1.724240261252E+00  0.000000000000E+00  0.000000000000E+00  0.000000000000E+00  0.000000000000E+00 
  5.000000000000E-01  1.264234600824E+01  0.000000000000E+00  2.771423769505E-01  0.000000000000E+00 -1.026332427596E-01  0.000000000000E+00  6.266513804379E+00  0.000000000000E+00  4.760779066637E+03  0.000000000000E+00 -2.018254280270E+00  0.000000000000E+00  0.000000000000E+00  0.000000000000E+00  0.000000000000E+00 
  5.500000000000E-01  1.268918960067E+01  0.000000000000E+00  2.645576086768E-01  0.000000000000E+00 -1.016765018516E-01  0.000000000000E+00  6.898810672071E+00  0.000000000000E+00  4.760741605250E+03  0.000000000000E+00 -2.311164622854E+00  0.000000000000E+00  0.000000000000E+00  0.000000000000E+00  0.000000000000E+00 
  6.000000000000E-01  1.274244003976E+01  0.000000000000E+00  2.506721349186E-01  0.000000000000E+00 -9.972517154193E-02  0.000000000000E+00  7.533438792038E+00  0.000000000000E+00  4.760701486119E+03  0.000000000000E+00 -2.599871874363E+00  0.000000000000E+00  0.000000000000E+00  0.000000000000E+00  0.000000000000E+00 
  6.500000000000E-01  1.280175817890E+01  0.000000000000E+00  2.354809324262E-01  0.000000000000E+00 -9.691394769185E-02  0.000000000000E+00  8.170706484211E+00  0.000000000000E+00  4.760658796719E+03  0.000000000000E+00 -2.881729440666E+00  0.000000000000E+00  0.000000000000E+00  0.000000000000E+00  0.000000000000E+00 
  7.000000000000E-01  1.286674478641E+01  0.000000000000E+00  2.190217826725E-01  0.000000000000E+00 -9.334429094175E-02  0.000000000000E+00  8.810906783674E+00  0.000000000000E+00  4.760613648399E+03  0.000000000000E+00 -3.154425615591E+00  0.000000000000E+00  0.000000000000E+00  0.000000000000E+00  0.000000000000E+00 
  7.500000000000E-01  1.293695344826E+01  0.000000000000E+00  2.013709479686E-01  0.000000000000E+00 -8.909665002980E-02  0.000000000000E+00  9.454314748236E+00  0.000000000000E+00  4.760566172257E+03  0.000000000000E+00 -3.415906817216E+00  0.000000000000E+00  0.000000000000E+00  0.000000000000E+00  0.000000000000E+00 
  8.000000000000E-01  1.301190091102E+01  0.000000000000E+00  1.826350297537E-01  0.000000000000E+00 -8.423898199435E-02  0.000000000000E+00  1.010118527690E+01  0.000000000000E+00  4.760516516081E+03  0.000000000000E+00 -3.664330370387E+00  0.000000000000E+00  0.000000000000E+00  0.000000000000E+00  0.000000000000E+00 
  8.500000000000E-01  1.309107530197E+01  0.000000000000E+00  1.629425104121E-01  0.000000000000E+00 -7.883239522395E-02  0.000000000000E+00  1.075175133553E+01  0.000000000000E+00  4.760464842113E+03  0.000000000000E+00 -3.898037390170E+00  0.000000000000E+00  0.000000000000E+00  0.000000000000E+00  0.000000000000E+00 
  9.000000000000E-01  1.317394272823E+01  0.000000000000E+00  1.424363517455E-01  0.000000000000E+00 -7.293468667172E-02  0.000000000000E+00  1.140622250533E+01  0.000000000000E+00  4.760411325434E+03  0.000000000000E+00 -4.115538650774E+00  0.000000000000E+00  0.000000000000E+00  0.000000000000E+00  0.000000000000E+00 
  9.500000000000E-01  1.325995269860E+01  0.000000000000E+00  1.212680177282E-01  0.000000000000E+00 -6.660240288911E-02  0.000000000000E+00  1.206478379007E+01  0.000000000000E+00  4.760356152729E+03  0.000000000000E+00 -4.315508343116E+00  0.000000000000E+00  0.000000000000E+00  0.000000000000E+00  0.000000000000E+00 
  1.000000000000E+00  1.334854271888E+01  0.000000000000E+00  9.959285744244E-02  0.000000000000E+00 -5.989190317347E-02  0.000000000000E+00  1.272759463638E+01  0.000000000000E+00  4.760299521282E+03  0.000000000000E+00 -4.496782210248E+00  0.000000000000E+00  0.000000000000E+00  0.000000000000E+00  0.000000000000E+00 
  1.050000000000E+00  1.343914231865E+01  0.000000000000E+00  7.756663282535E-02  0.000000000000E+00 -5.285977198262E-02  0.000000000000E+00  1.339478813575E+01  0.000000000000E+00  4.760241638078E+03  0.000000000000E+00 -4.658357726667E+00  0.000000000000E+00  0.000000000000E+00  0.000000000000E+00  0.000000000000E+00 
  1.100000000000E+00  1.353117669059E+01  0.000000000000E+00  5.534295226011E-02  0.000000000000E+00 -4.556282465340E-02  0.000000000000E+00  1.406647038798E+01  0.000000000000E+00  4.760182718907E+03  0.000000000000E+00 -4.799394828009E+00  0.000000000000E+00  0.000000000000E+00  0.000000000000E+00  0.000000000000E+00 
  1.150000000000E+00  1.362407006262E+01  0.000000000000E+00  3.307139832428E-02  0.000000000000E+00 -3.805787381178E-02  0.000000000000E+00  1.474272001388E+01  0.000000000000E+00  4.760122987431E+03  0.000000000000E+00 -4.919216281276E+00  0.000000000000E+00  0.000000000000E+00  0.000000000000E+00  0.000000000000E+00 
  1.200000000000E+00  1.371724887698E+01  0.000000000000E+00  1.089617982821E-02  0.000000000000E+00 -3.040136892503E-02  0.000000000000E+00  1.542358781059E+01  0.000000000000E+00  4.760062674156E+03  0.000000000000E+00 -5.017307182137E+00  0.000000000000E+00  0.000000000000E+00  0.000000000000E+00  0.000000000000E+00 
  1.250000000000E+00  1.381014477358E+01  0.000000000000E+00 -1.104481824903E-02  0.000000000000E+00 -2.264898312373E-02  0.000000000000E+00  1.610909654614E+01  0.000000000000E+00  4.760002015305E+03  0.000000000000E+00 -5.093313329586E+00  0.000000000000E+00  0.000000000000E+00  0.000000000000E+00  0.000000000000E+00 
  1.300000000000E+00  1.390219738504E+01  0.000000000000E+00 -3.262065133255E-02  0.000000000000E+00 -1.485519662418E-02  0.000000000000E+00  1.679924088672E+01  0.000000000000E+00  4.759941251559E+03  0.000000000000E+00 -5.147038402260E+00  0.000000000000E+00  0.000000000000E+00  0.000000000000E+00  0.000000000000E+00 
  1.350000000000E+00  1.399285769958E+01  0.000000000000E+00 -5.370779977396E-02  0.000000000000E+00 -7.072904552703E-03  0.000000000000E+00  1.749398747776E+01  0.000000000000E+00  4.759880626683E+03  0.000000000000E+00 -5.178439973212E+00  0.000000000000E+00  0.000000000000E+00  0.000000000000E+00  0.000000000000E+00 
  1.400000000000E+00  1.408159064515E+01  0.000000000000E+00 -7.419049154904E-02  0.000000000000E+00  6.469417095467E-04  0.000000000000E+00  1.819327518130E+01  0.000000000000E+00  4.759820386040E+03  0.000000000000E+00 -5.187624445007E+00  0.000000000000E+00  0.000000000000E+00  0.000000000000E+00  0.000000000000E+00 
  1.450000000000E+00  1.416787767020E+01  0.000000000000E+00 -9.396082361094E-02  0.000000000000E+00  8.255642946687E-03  0.000000000000E+00  1.889701545343E+01  0.000000000000E+00  4.759760774999E+03  0.000000000000E+00 -5.174841027013E+00  0.000000000000E+00  0.000000000000E+00  0.000000000000E+00  0.000000000000E+00 
  1.500000000000E+00  1.425121928119E+01  0.000000000000E+00 -1.129187897129E-01  0.000000000000E+00  1.570700450409E-02  0.000000000000E+00  1.960509287183E+01  0.000000000000E+00  4.759702037253E+03  0.000000000000E+00 -5.140474908883E+00  0.000000000000E+00  0.000000000000E+00  0.000000000000E+00  0.000000000000E+00 
  1.550000000000E+00  1.433113747749E+01  0.000000000000E+00 -1.309722412634E-01  0.000000000000E+00  2.295753432331E-02  0.000000000000E+00  2.031736581690E+01  0.000000000000E+00  4.759644413068E+03  0.000000000000E+00 -5.085039789422E+00  0.000000000000E+00  0.000000000000E+00  0.000000000000E+00  0.000000000000E+00 
  1.600000000000E+00  1.440717806886E+01  0.000000000000E+00 -1.480367988013E-01  0.000000000000E+00  2.996659017735E-02  0.000000000000E+00  2.103366730818E+01  0.000000000000E+00  4.759588137484E+03  0.000000000000E+00 -5.009169911859E+00  0.000000000000E+00  0.000000000000E+00  0.000000000000E+00  0.000000000000E+00 
  1.650000000000E+00  1.447891286435E+01  0.000000000000E+00 -1.640357282378E-01  0.000000000000E+00  3.669648084282E-02  0.000000000000E+00  2.175380599696E+01  0.000000000000E+00  4.759533438483E+03  0.000000000000E+00 -4.913611744480E+00  0.000000000000E+00  0.000000000000E+00  0.000000000000E+00  0.000000000000E+00 
  1.700000000000E+00  1.454594172266E+01  0.000000000000E+00 -1.788997935448E-01  0.000000000000E+00  4.311252660379E-02  0.000000000000E+00  2.247756731399E+01  0.000000000000E+00  4.759480535164E+03  0.000000000000E+00 -4.799215430970E+00  0.000000000000E+00  0.000000000000E+00  0.000000000000E+00  0.000000000000E+00 
  1.750000000000E+00  1.460789445490E+01  0.000000000000E+00 -1.925670954844E-01  0.000000000000E+00  4.918308476330E-02  0.000000000000E+00  2.320471477019E+01  0.000000000000E+00  4.759429635930E+03  0.000000000000E+00 -4.666926118879E+00  0.000000000000E+00  0.000000000000E+00  0.000000000000E+00  0.000000000000E+00 
  1.800000000000E+00  1.466443257158E+01  0.000000000000E+00 -2.049829041276E-01  0.000000000000E+00  5.487954582997E-02  0.000000000000E+00  2.393499140614E+01  0.000000000000E+00  4.759380936729E+03  0.000000000000E+00 -4.517775258297E+00  0.000000000000E+00  0.000000000000E+00  0.000000000000E+00  0.000000000000E+00 
  1.850000000000E+00  1.471525086691E+01  0.000000000000E+00 -2.160994912753E-01  0.000000000000E+00  6.017630582190E-02  0.000000000000E+00  2.466812138472E+01  0.000000000000E+00  4.759334619363E+03  0.000000000000E+00 -4.352871946902E+00  0.000000000000E+00  0.000000000000E+00  0.000000000000E+00  0.000000000000E+00 
  1.900000000000E+00  1.476007883393E+01  0.000000000000E+00 -2.258759674722E-01  0.000000000000E+00  6.505071974694E-02  0.000000000000E+00  2.540381171919E+01  0.000000000000E+00  4.759290849889E+03  0.000000000000E+00 -4.173394382424E+00  0.000000000000E+00  0.000000000000E+00  0.000000000000E+00  0.000000000000E+00 
  1.950000000000E+00  1.479868190547E+01  0.000000000000E+00 -2.342781270807E-01  0.000000000000E+00  6.948304083131E-02  0.000000000000E+00  2.614175412742E+01  0.000000000000E+00  4.759249777142E+03  0.000000000000E+00 -3.980581469808E+00  0.000000000000E+00  0.000000000000E+00  0.000000000000E+00  0.000000000000E+00 
  2.000000000000E+00  1.483086251659E+01  0.000000000000E+00 -2.412783038657E-01  0.000000000000E+00  7.345634952274E-02  0.000000000000E+00  2.688162700104E+01  0.000000000000E+00  4.759211531391E+03  0.000000000000E+00 -3.775724617987E+00  0.000000000000E+00  0.000000000000E+00  0.000000000000E+00  0.000000000000E+00 
  2.050000000000E+00  1.485646098499E+01  0.000000000000E+00 -2.468552387061E-01  0.000000000000E+00  7.695647572615E-02  0.000000000000E+00  2.762309747666E+01  0.000000000000E+00  4.759176223156E+03  0.000000000000E+00 -3.560159750478E+00  0.000000000000E+00  0.000000000000E+00  0.000000000000E+00  0.000000000000E+00 
  2.100000000000E+00  1.487535620684E+01  0.000000000000E+00 -2.509939603801E-01  0.000000000000E+00  7.997191717070E-02  0.000000000000E+00  2.836582359484E+01  0.000000000000E+00  4.759143942193E+03  0.000000000000E+00 -3.335259544919E+00  0.000000000000E+00  0.000000000000E+00  0.000000000000E+00  0.000000000000E+00 
  2.150000000000E+00  1.488746616616E+01  0.000000000000E+00 -2.536856798436E-01  0.000000000000E+00  8.249375627628E-02  0.000000000000E+00  2.910945653093E+01  0.000000000000E+00  4.759114756674E+03  0.000000000000E+00 -3.102425909099E+00  0.000000000000E+00  0.000000000000E+00  0.000000000000E+00  0.000000000000E+00 
  2.200000000000E+00  1.489274825637E+01  0.000000000000E+00 -2.549276980127E-01  0.000000000000E+00  8.451557740192E-02  0.000000000000E+00  2.985364288105E+01  0.000000000000E+00  4.759088712555E+03  0.000000000000E+00 -2.863082695000E+00  0.000000000000E+00  0.000000000000E+00  0.000000000000E+00  0.000000000000E+00 
  2.250000000000E+00  1.489119941350E+01  0.000000000000E+00 -2.547233267372E-01  0.000000000000E+00  8.603338592576E-02  0.000000000000E+00  3.059802698517E+01  0.000000000000E+00  4.759065833164E+03  0.000000000000E+00 -2.618668647571E+00  0.000000000000E+00  0.000000000000E+00  0.000000000000E+00  0.000000000000E+00 
  2.300000000000E+00  1.488285606072E+01  0.000000000000E+00 -2.530818223975E-01  0.000000000000E+00  8.704553022928E-02  0.000000000000E+00  3.134225326879E+01  0.000000000000E+00  4.759046118996E+03  0.000000000000E+00 -2.370630581373E+00  0.000000000000E+00  0.000000000000E+00  0.000000000000E+00  0.000000000000E+00 
  2.350000000000E+00  1.486779386450E+01  0.000000000000E+00 -2.500183313381E-01  0.000000000000E+00  8.755262733815E-02  0.000000000000E+00  3.208596858444E+01  0.000000000000E+00  4.759029547725E+03  0.000000000000E+00 -2.120416775635E+00  0.000000000000E+00  0.000000000000E+00  0.000000000000E+00  0.000000000000E+00 
  2.400000000000E+00  1.484612730292E+01  0.000000000000E+00 -2.455538461536E-01  0.000000000000E+00  8.755749270300E-02  0.000000000000E+00  3.282882453376E+01  0.000000000000E+00  4.759016074434E+03  0.000000000000E+00 -1.869470576499E+00  0.000000000000E+00  0.000000000000E+00  0.000000000000E+00  0.000000000000E+00 
  2.450000000000E+00  1.481800904683E+01  0.000000000000E+00 -2.397151716387E-01  0.000000000000E+00  8.706507438116E-02  0.000000000000E+00  3.357047975141E+01  0.000000000000E+00  4.759005632057E+03  0.000000000000E+00 -1.619224194161E+00  0.000000000000E+00  0.000000000000E+00  0.000000000000E+00  0.000000000000E+00 
  2.500000000000E+00  1.478362915504E+01  0.000000000000E+00 -2.325348989906E-01  0.000000000000E+00  8.608239169784E-02  0.000000000000E+00  3.431060213221E+01  0.000000000000E+00  4.758998132034E+03  0.000000000000E+00 -1.371092682170E+00  0.000000000000E+00  0.000000000000E+00  0.000000000000E+00  0.000000000000E+00 
  2.550000000000E+00  1.474321408441E+01  0.000000000000E+00 -2.240513865938E-01  0.000000000000E+00  8.461847831373E-02  0.000000000000E+00  3.504887098394E+01  0.000000000000E+00  4.758993465153E+03  0.000000000000E+00 -1.126468086111E+00  0.000000000000E+00  0.000000000000E+00  0.000000000000E+00  0.000000000000E+00 
  2.600000000000E+00  1.469702551619E+01  0.000000000000E+00 -2.143087454071E-01  0.000000000000E+00  8.268432949937E-02  0.000000000000E+00  3.578497908873E+01  0.000000000000E+00  4.758991502592E+03  0.000000000000E+00 -8.867137493207E-01  0.000000000000E+00  0.000000000000E+00  0.000000000000E+00  0.000000000000E+00 
  2.650000000000E+00  1.464535899984E+01  0.000000000000E+00 -2.033568266059E-01  0.000000000000E+00  8.029285330634E-02  0.000000000000E+00  3.651863465755E+01  0.000000000000E+00  4.758992097126E+03  0.000000000000E+00 -6.531587639896E-01  0.000000000000E+00  0.000000000000E+00  0.000000000000E+00  0.000000000000E+00 
  2.700000000000E+00  1.458854241554E+01  0.000000000000E+00 -1.912512087008E-01  0.000000000000E+00  7.745882522507E-02  0.000000000000E+00  3.724956316325E+01  0.000000000000E+00  4.758995084497E+03  0.000000000000E+00 -4.270925570744E-01  0.000000000000E+00  0.000000000000E+00  0.000000000000E+00  0.000000000000E+00 
  2.750000000000E+00  1.452693425691E+01  0.000000000000E+00 -1.780531808516E-01  0.000000000000E+00  7.419884582262E-02  0.000000000000E+00  3.797750903931E+01  0.000000000000E+00  4.759000284922E+03  0.000000000000E+00 -2.097596017170E-01  0.000000000000E+00  0.000000000000E+00  0.000000000000E+00  0.000000000000E+00 
  2.800000000000E+00  1.446092173539E+01  0.000000000000E+00 -1.638297185326E-01  0.000000000000E+00  7.053130075663E-02  0.000000000000E+00  3.870223723285E+01  0.000000000000E+00  4.759007504720E+03  0.000000000000E+00 -2.354246487513E-03  0.000000000000E+00  0.000000000000E+00  0.000000000000E+00  0.000000000000E+00 
  2.850000000000E+00  1.439091870806E+01  0.000000000000E+00 -1.486534470791E-01  0.000000000000E+00  6.647632245870E-02  0.000000000000E+00  3.942353460222E+01  0.000000000000E+00  4.759016538044E+03  0.000000000000E+00  1.939843433729E-01  0.000000000000E+00  0.000000000000E+00  0.000000000000E+00  0.000000000000E+00 
  2.900000000000E+00  1.431736343108E+01  0.000000000000E+00 -1.326025879760E-01  0.000000000000E+00  6.205575267019E-02  0.000000000000E+00  4.014121115109E+01  0.000000000000E+00  4.759027168690E+03  0.000000000000E+00  3.781771363470E-01  0.000000000000E+00  0.000000000000E+00  0.000000000000E+00  0.000000000000E+00 
  2.950000000000E+00  1.424071614148E+01  0.000000000000E+00 -1.157608820540E-01  0.000000000000E+00  5.729310489275E-02  0.000000000000E+00  4.085510109252E+01  0.000000000000E+00  4.759039171963E+03  0.000000000000E+00  5.492100778028E-01  0.000000000000E+00  0.000000000000E+00  0.000000000000E+00  0.000000000000E+00 
  3.000000000000E+00  1.416145647076E+01  0.000000000000E+00 -9.821748306545E-02  0.000000000000E+00  5.221352568520E-02  0.000000000000E+00  4.156506373829E+01  0.000000000000E+00  4.759052316578E+03  0.000000000000E+00  7.061388241789E-01  0.000000000000E+00  0.000000000000E+00  0.000000000000E+00  0.000000000000E+00 
  3.050000000000E+00  1.408008069507E+01  0.000000000000E+00 -8.006681445012E-02  0.000000000000E+00  4.684375359761E-02  0.000000000000E+00  4.227098421019E+01  0.000000000000E+00  4.759066366577E+03  0.000000000000E+00  8.480933631920E-01  0.000000000000E+00  0.000000000000E+00  0.000000000000E+00  0.000000000000E+00 
  3.100000000000E+00  1.399709882764E+01  0.000000000000E+00 -6.140838151098E-02  0.000000000000E+00  4.121207438480E-02  0.000000000000E+00  4.297277397144E+01  0.000000000000E+00  4.759081083231E+03  0.000000000000E+00  9.742825113890E-01  0.000000000000E+00  0.000000000000E+00  0.000000000000E+00  0.000000000000E+00 
  3.150000000000E+00  1.391303156117E+01  0.000000000000E+00 -4.234653073944E-02  0.000000000000E+00  3.534827098654E-02  0.000000000000E+00  4.367037117785E+01  0.000000000000E+00  4.759096226925E+03  0.000000000000E+00  1.083998276258E+00  0.000000000000E+00  0.000000000000E+00  0.000000000000E+00  0.000000000000E+00 
  3.200000000000E+00  1.382840706871E+01  0.000000000000E+00 -2.299014765638E-02  0.000000000000E+00  2.928356660277E-02  0.000000000000E+00  4.436374084952E+01  0.000000000000E+00  4.759111558977E+03  0.000000000000E+00  1.176620065550E+00  0.000000000000E+00  0.000000000000E+00  0.000000000000E+00  0.000000000000E+00 
  3.250000000000E+00  1.374376162771E+01 -7.430539627633E-02 -3.463773833946E-03  4.637877002605E-04  2.305078802080E-02 -1.031379141184E-03  4.505287489433E+01  8.095442434689E-04  4.759126843566E+03  2.783615874903E-03  1.251618721350E+00 -5.633385908602E-04  0.000000000000E+00  9.078796535772E-02  0.000000000000E+00 
  3.300000000000E+00  1.365964943932E+01 -1.264428519809E-01  1.609096573769E-02  1.350295971567E-03  1.668597928081E-02 -4.043503894879E-03  4.573779224359E+01  1.738040859816E-03  4.759141850950E+03  1.005275952531E-02  1.308564762889E+00 -7.088390354584E-03  0.000000000000E+00  1.489390088126E-01  0.000000000000E+00 
  3.350000000000E+00  1.357661266357E+01 -1.483586974188E-01  3.556740094901E-02  2.816158643324E-04  1.022635648723E-02 -7.610792371070E-03  4.641853821633E+01  2.925923553159E-03  4.759156357956E+03  1.797659362538E-02  1.347135181742E+00 -2.321093668878E-02  0.000000000000E+00  1.802773620423E-01  0.000000000000E+00 
  3.400000000000E+00  1.349515985019E+01 -1.492223017799E-01  5.487296671088E-02 -1.712608894823E-03  3.708065558956E-03 -1.071754202297E-02  4.709518355805E+01  4.403081559184E-03  4.759170146861E+03  2.272362567586E-02  1.367112449039E+00 -4.889077724156E-02  0.000000000000E+00  1.928715939710E-01  0.000000000000E+00 
  3.450000000000E+00  1.341577773566E+01 -1.363008420007E-01  7.390340207089E-02 -3.970230790896E-03 -2.833855975619E-03 -1.287919420539E-02  4.776782374698E+01  6.156367081782E-03  4.759183006900E+03  2.285556458180E-02  1.368377790682E+00 -8.199514175430E-02  0.000000000000E+00  1.927621703729E-01  0.000000000000E+00 
  3.500000000000E+00  1.333894246997E+01 -1.151933259434E-01  9.253946610100E-02 -6.088917404601E-03 -9.364366449638E-03 -1.395193748577E-02  4.843657834968E+01  8.145515551930E-03  4.759194736608E+03  1.838290164473E-02  1.350910001170E+00 -1.195335232125E-01  0.000000000000E+00  1.844141701741E-01  0.000000000000E+00 
  3.550000000000E+00  1.326512362122E+01 -9.007883007502E-02  1.106512465707E-01 -7.845713877830E-03 -1.584736826203E-02 -1.399607192631E-02  4.910159022027E+01  1.031513634708E-02  4.759205145785E+03  1.010248083901E-02  1.314789112974E+00 -1.584293762079E-01  0.000000000000E+00  1.710786939216E-01  0.000000000000E+00 
  3.600000000000E+00  1.319478158666E+01 -6.396021768745E-02  1.281044891545E-01 -9.138515773690E-03 -2.224519289945E-02 -1.318081589200E-02  4.976302449857E+01  1.260347094383E-02  4.759214056825E+03 -8.487765631622E-04  1.260202136307E+00 -1.959626145385E-01  0.000000000000E+00  1.550795050293E-01  0.000000000000E+00 
  3.650000000000E+00  1.312836132847E+01 -3.889125950411E-02  1.447661662899E-01 -9.944499444492E-03 -2.851866432527E-02 -1.172044460248E-02  5.042106742060E+01  1.494855089321E-02  4.759221305508E+03 -1.327847900815E-02  1.187448396236E+00 -2.299854345746E-01  0.000000000000E+00  1.380388472573E-01  0.000000000000E+00 
  3.700000000000E+00  1.306628507000E+01 -1.618010734670E-02  1.605083733465E-01 -1.029110857950E-02 -3.462756592920E-02 -9.833599230421E-03  5.107592497098E+01  1.729230963872E-02  4.759226741449E+03 -2.610592718053E-02  1.096943073562E+00 -2.589885119161E-01  0.000000000000E+00  1.210540979034E-01  0.000000000000E+00 
  3.750000000000E+00  1.300894559991E+01  3.434239877933E-03  1.752106453733E-01 -1.023592510067E-02 -4.053129497164E-02 -7.719295606838E-03  5.172782140609E+01  1.958311982402E-02  4.759230228344E+03 -3.844696322750E-02  9.892185189629E-01 -2.820742723591E-01  0.000000000000E+00  1.048349334847E-01  0.000000000000E+00 
  3.800000000000E+00  1.295670091598E+01  1.963321464461E-02  1.887611805215E-01 -9.852590444311E-03 -4.618953769838E-02 -5.544597740283E-03  5.237699767090E+01  2.177714835250E-02  4.759231644131E+03 -4.964372083516E-02  8.649234945850E-01 -2.988779239256E-01  0.000000000000E+00  8.980898262335E-02  0.000000000000E+00 
  3.850000000000E+00  1.290987032927E+01  3.239664947442E-02  2.010574919331E-01 -9.220784880805E-03 -5.156287246534E-02 -3.440121817785E-03  5.302370972732E+01  2.383884907243E-02  4.759230881092E+03 -5.925972615189E-02  7.248207305397E-01 -3.094645110833E-01  0.000000000000E+00  7.620249397714E-02  0.000000000000E+00 
  3.900000000000E+00  1.286873183642E+01  4.190523868416E-02  2.120068825404E-01 -8.419008791354E-03 -5.661327150539E-02 -1.500522597821E-03  5.366822680842E+01  2.574084928133E-02  4.759227845911E+03 -6.705516933713E-02  5.697831867689E-01 -3.142207684713E-01  0.000000000000E+00  6.410132788747E-02  0.000000000000E+00 
  3.950000000000E+00  1.283352046626E+01  4.846465297786E-02  2.215269693150E-01 -7.519460558327E-03 -6.130451183357E-02  2.120934754344E-04  5.431082961171E+01  2.746343155656E-02  4.759222459681E+03 -7.295264061036E-02  4.007893040820E-01 -3.137534620772E-01  0.000000000000E+00  5.349656137125E-02  0.000000000000E+00 
  4.000000000000E+00  1.280442732499E+01  5.244819969215E-02  2.295463385394E-01 -6.584642548980E-03 -6.560252312785E-02  1.663264724813E-03  5.495180844377E+01  2.899376627983E-02  4.759214657857E+03 -7.700013413834E-02  2.189173976589E-01 -3.088007474760E-01  0.000000000000E+00  4.431815063638E-02  0.000000000000E+00 
  4.050000000000E+00  1.278159913295E+01  5.425492529164E-02  2.360053147095E-01 -5.665474534009E-03 -6.947570174723E-02  2.840746895646E-03  5.559146132939E+01  3.032501188852E-02  4.759204390136E+03 -7.933554716863E-02  2.533923928403E-02 -3.001594514478E-01  0.000000000000E+00  3.645939881216E-02  0.000000000000E+00 
  4.100000000000E+00  1.276513812228E+01  5.428024176170E-02  2.408567725437E-01 -4.800713095545E-03 -7.289521260665E-02  3.749182906476E-03  5.623009209824E+01  3.145536852627E-02  4.759191620277E+03 -8.015507990091E-02 -1.786871910732E-01 -2.886287555231E-01  0.000000000000E+00  2.979440665815E-02  0.000000000000E+00 
  4.150000000000E+00  1.275510222765E+01  5.289645177152E-02  2.440669037516E-01 -4.017435566265E-03 -7.583529013983E-02  4.405242512629E-03  5.686800846215E+01  3.238714554775E-02  4.759176325860E+03 -7.968670037607E-02 -3.918258281360E-01 -2.749692393578E-01  0.000000000000E+00  2.419022068345E-02  0.000000000000E+00 
  4.200000000000E+00  1.275150554468E+01  5.044089263637E-02  2.456158550539E-01 -3.332304150434E-03 -7.827353964393E-02  4.833430365336E-03  5.750552009640E+01  3.312588343982E-02  4.759158497993E+03 -7.816901947046E-02 -6.126715544251E-01 -2.598753882929E-01  0.000000000000E+00  1.951501884173E-02  0.000000000000E+00 
  4.250000000000E+00  1.275431905287E+01  4.720977604828E-02  2.454981707299E-01 -2.753312330221E-03 -8.019123268385E-02  5.062640698693E-03  5.814293673742E+01  3.367955536474E-02  4.759138140990E+03 -7.583539689886E-02 -8.397601500047E-01 -2.439592885427E-01  0.000000000000E+00  1.564337356386E-02  0.000000000000E+00 
  4.300000000000E+00  1.276347160730E+01  4.345614303301E-02  2.437229942953E-01 -2.281739883338E-03 -8.157358545021E-02  5.123455921540E-03  5.878056630939E+01  3.405786195766E-02  4.759115272022E+03 -7.290277866020E-02 -1.071579124765E+00 -2.277431721997E-01  0.000000000000E+00  1.245939231547E-02  0.000000000000E+00 
  4.350000000000E+00  1.277885120047E+01  3.939066628530E-02  2.403140053359E-01 -1.914096936079E-03 -8.241000681923E-02  5.046134227938E-03  5.941871309084E+01  3.427162452848E-02  4.759089920760E+03 -6.956458849938E-02 -1.306579355357E+00 -2.116586157434E-01  0.000000000000E+00  9.858346049355E-03  0.000000000000E+00 
  4.400000000000E+00  1.280030648800E+01  3.518430735696E-02  2.353090867955E-01 -1.643906586495E-03 -8.269430284625E-02  4.859200591683E-03  6.005767593192E+01  3.433227580868E-02  4.759062129018E+03 -6.598692028761E-02 -1.543187407369E+00 -1.960504532688E-01  0.000000000000E+00  7.747246544054E-03  0.000000000000E+00 
  4.450000000000E+00  1.282764856268E+01  3.097207165793E-02  2.287597341382E-01 -1.463245392147E-03 -8.242482595375E-02  4.588540760645E-03  6.069774653169E+01  3.425144331464E-02  4.759031950403E+03 -6.230727618266E-02 -1.779818387564E+00 -1.811837768596E-01  0.000000000000E+00  6.044716894953E-03  0.000000000000E+00 
  4.500000000000E+00  1.286065295331E+01  2.685730055155E-02  2.207302304785E-01 -1.364021665438E-03 -8.160455960787E-02  4.256894814199E-03  6.133920778380E+01  3.404061782588E-02  4.758999449982E+03 -5.863514439655E-02 -2.014889143065E+00 -1.672527183615E-01  0.000000000000E+00  4.680408899989E-03  0.000000000000E+00 
  4.550000000000E+00  1.289906181896E+01  2.291609946416E-02  2.112966210071E-01 -1.339018966853E-03 -8.024113235875E-02  3.883651848489E-03  6.198233219789E+01  3.371089803494E-02  4.758964703954E+03 -5.505379084503E-02 -2.246831605255E+00 -1.543900111661E-01  0.000000000000E+00  3.594151446676E-03  0.000000000000E+00 
  4.600000000000E+00  1.294258630609E+01  1.920162733780E-02  2.005455259916E-01 -1.382767219725E-03 -7.834675838998E-02  3.484857259209E-03  6.262738040274E+01  3.327280182485E-02  4.758927799339E+03 -5.162273367056E-02 -2.474106066114E+00 -1.426766007940E-01  0.000000000000E+00  2.734960915878E-03  0.000000000000E+00 
  4.650000000000E+00  1.299090903542E+01  1.574806980040E-02  1.885728345845E-01 -1.492330739218E-03 -7.593810490696E-02  3.073356217826E-03  6.327459973649E+01  3.273613463740E-02  4.758888833670E+03 -4.838046378748E-02 -2.695214173495E+00 -1.321508008076E-01  0.000000000000E+00  2.060004541815E-03  0.000000000000E+00 
  4.700000000000E+00  1.304368668669E+01  1.257418999568E-02  1.754823219964E-01 -1.668127745213E-03 -7.303608959543E-02  2.659009063333E-03  6.392422292809E+01  3.210990583229E-02  4.758847914681E+03 -4.534705570460E-02 -2.908711438763E+00 -1.228166735919E-01  0.000000000000E+00  1.533577758019E-03  0.000000000000E+00 
  4.750000000000E+00  1.310055265221E+01  9.686400669309E-03  1.613842307318E-01 -1.914928161712E-03 -6.966561386394E-02  2.248924627708E-03  6.457646687351E+01  3.140228466531E-02  4.758805159990E+03 -4.252637010419E-02 -3.113219064252E+00 -1.146514554521E-01  0.000000000000E+00  1.126134530272E-03  0.000000000000E+00 
  4.800000000000E+00  1.316111973318E+01  7.081331740231E-03  1.463938530727E-01 -2.243226965661E-03 -6.585523956646E-02  1.847664370921E-03  6.523153150950E+01  3.062058843549E-02  4.758760696750E+03 -3.990757223250E-02 -3.307434918015E+00 -1.076119460972E-01  0.000000000000E+00  8.133937087271E-04  0.000000000000E+00 
  4.850000000000E+00  1.322498285558E+01  4.747881002684E-03  1.306301473400E-01 -2.671275199470E-03 -6.163681834304E-02  1.457371936320E-03  6.588959878716E+01  2.977129640338E-02  4.758714661276E+03 -3.746566460540E-02 -3.490143507866E+00 -1.016398485069E-01  0.000000000000E+00  5.755330803516E-04  0.000000000000E+00 
  4.900000000000E+00  1.329172178460E+01  2.668731930810E-03  1.142144152055E-01 -3.228195289618E-03 -5.704508360624E-02  1.077777117293E-03  6.655083174734E+01  2.886008424201E-02  4.758667198622E+03 -3.516063817964E-02 -3.660224834415E+00 -9.666608053334E-02  0.000000000000E+00  3.964749357602E-04  0.000000000000E+00 
  4.950000000000E+00  1.336090381545E+01  8.212992961039E-04  9.726906194079E-02 -3.958853533547E-03 -5.211721554059E-02  7.060067187278E-04  6.721537369908E+01  2.789187506921E-02  4.758618462103E+03 -3.293464777175E-02 -3.816662032212E+00 -9.261408681820E-02  0.000000000000E+00  2.632616957856E-04  0.000000000000E+00 
  5.000000000000E+00  1.343208641295E+01 -8.219862998633E-04  7.991645644603E-02 -4.931582844408E-03 -4.689238925664E-02  3.361013243295E-04  6.788334750210E+01  2.687090461023E-02  4.758568612756E+03 -3.070625288158E-02 -3.958547737762E+00 -8.940215808331E-02  0.000000000000E+00  1.655167868285E-04  0.000000000000E+00 
  5.050000000000E+00  1.350481975634E+01 -2.294233794870E-03  6.227790370323E-02 -6.250570154589E-03 -4.141131536568E-02 -4.192423530855E-05  6.855485495340E+01  2.580079993513E-02  4.758517818722E+03 -2.836012291163E-02 -4.085089151645E+00 -8.694470881493E-02  0.000000000000E+00  9.498398270922E-05  0.000000000000E+00 
  5.100000000000E+00  1.357864910683E+01 -3.635822569276E-03  4.447273964277E-02 -8.075971742923E-03 -3.571578043612E-02 -4.437472059948E-04  6.922997627580E+01  2.468467385286E-02  4.758466254549E+03 -2.572948596747E-02 -4.195611787598E+00 -8.515235941331E-02  0.000000000000E+00  4.513744280411E-05  0.000000000000E+00 
  5.150000000000E+00  1.365311682376E+01 -4.897917454432E-03  2.661755854335E-02 -1.065700433948E-02 -2.984819128550E-02 -8.935907650048E-04  6.990876970255E+01  2.352524105988E-02  4.758414100418E+03 -2.256664100282E-02 -4.289561921604E+00 -8.393048578676E-02  0.000000000000E+00  1.085436882962E-05  0.000000000000E+00 
  5.200000000000E+00  1.372776363456E+01 -6.148856094579E-03  8.825588649051E-03 -1.438712308535E-02 -2.385111980894E-02 -1.429061755248E-03  7.059127114214E+01  2.232496869669E-02  4.758361541274E+03 -1.849339458535E-02 -4.366507764410E+00 -8.317558247570E-02  0.000000000000E+00 -1.185764999970E-05  0.000000000000E+00 
  5.250000000000E+00  1.380212819359E+01 -7.485350463680E-03 -8.793749751491E-03 -1.989730280836E-02 -1.776682869799E-02 -2.109365554647E-03  7.127749388485E+01  2.108628519039E-02  4.758308765879E+03 -1.291711573280E-02 -4.426139371198E+00 -8.276823107236E-02  0.000000000000E+00 -2.608609757391E-05  0.000000000000E+00 
  5.300000000000E+00  1.387574261614E+01 -9.051981431457E-03 -2.613500938367E-02 -2.821590407742E-02 -1.163671941729E-02 -3.029362616840E-03  7.196742825471E+01  1.981189108545E-02  4.758255965791E+03 -4.886990183668E-03 -4.468267248603E+00 -8.256048191794E-02  0.000000000000E+00 -3.419868658891E-05  0.000000000000E+00 
  5.350000000000E+00  1.394811863168E+01 -1.107526309218E-02 -4.309652735134E-02 -4.104629238469E-02 -5.500537842123E-03 -4.343868997822E-03  7.266104099452E+01  1.850525119840E-02  4.758203334281E+03  7.155144278085E-03 -4.492819456476E+00 -8.235368791676E-02  0.000000000000E+00 -3.799441041698E-05  0.000000000000E+00 
  5.400000000000E+00  1.401870771093E+01 -1.392368167670E-02 -5.957943558121E-02 -6.125483016326E-02  6.051111560107E-04 -6.310121317363E-03  7.335827380969E+01  1.717141231830E-02  4.758151065244E+03  2.581193259050E-02 -4.499836535083E+00 -8.185961571920E-02  0.000000000000E+00 -3.882597934061E-05  0.000000000000E+00 
  5.450000000000E+00  1.408679263537E+01 -1.821453891583E-02 -7.548488388600E-02 -9.373723136283E-02  6.650159023440E-03 -9.362674361043E-03  7.405903955067E+01  1.581840850244E-02  4.758099352207E+03  5.550560263094E-02 -4.489462360993E+00 -8.063180082892E-02  0.000000000000E+00 -3.769843110791E-05  0.000000000000E+00 
  5.500000000000E+00  1.415114392055E+01  9.094668095229E-02 -9.101375483212E-02 -1.476022019278E-01  1.261878250124E-02 -1.257684987858E-02  7.476321244576E+01  1.550089520057E-02  4.758048390555E+03  9.921084508371E-02 -4.461926522262E+00 -7.701671890392E-02  0.000000000000E+00 -8.553497149005E-02  0.000000000000E+00 
  5.550000000000E+00  1.420957740903E+01  1.379680176502E-01 -1.060127478588E-01 -2.365935654764E-01  1.853638189335E-02 -1.613336683487E-02  7.547060358966E+01  1.552351374229E-02  4.757998374866E+03  1.670734854628E-01 -4.417459955692E+00 -6.150625423794E-02  0.000000000000E+00 -1.527949336916E-01  0.000000000000E+00 
  5.600000000000E+00  1.425598694608E+01  1.236478460860E-01 -1.201723315384E-01 -3.831833770716E-01  2.454974959937E-02 -2.505476391419E-02  7.618087800527E+01  1.523841086396E-02  4.757949499229E+03  2.890718866226E-01 -4.356272548461E+00 -2.826536032271E-02  0.000000000000E+00 -1.702337105943E-01  0.000000000000E+00 
  5.650000000000E+00  1.427361857452E+01  6.796588405736E-02 -1.330305011728E-01 -6.326789952754E-01  3.109414337425E-02 -4.465321684011E-02  7.689333760532E+01  1.471764706224E-02  4.757901977001E+03  5.100368273451E-01 -4.278201469096E+00  2.354968640711E-02  0.000000000000E+00 -1.613129571045E-01  0.000000000000E+00 
  5.700000000000E+00  1.421597414281E+01 -2.226406423700E-02 -1.435779732832E-01 -1.051339378551E+00  3.943275374208E-02 -8.110552472468E-02  7.760628604307E+01  1.411515732954E-02  4.757856082647E+03  8.939428942003E-01 -4.181899398390E+00  9.403837259650E-02  0.000000000000E+00 -1.403134103153E-01  0.000000000000E+00 
  5.750000000000E+00  1.396382588805E+01 -1.502150284679E-01 -1.484431893930E-01 -1.697290776176E+00  5.285899165970E-02 -1.390626834322E-01  7.831527776271E+01  1.356888213149E-02  4.757812256055E+03  1.513440937089E+00 -4.062477706023E+00  1.842216174168E-01  0.000000000000E+00 -1.155193954801E-01  0.000000000000E+00 
  5.800000000000E+00  1.343553230731E+01 -3.206663882000E-01 -1.496447560565E-01 -2.508272700157E+00  7.800355862349E-02 -2.055082907736E-01  7.901044545806E+01  1.282722021384E-02  4.757771267703E+03  2.359842577771E+00 -3.905719462610E+00  2.919473130938E-01 -1.009043102209E-01 -9.140608471035E-02  0.000000000000E+00 
  5.850000000000E+00  1.236059759134E+01 -4.848146304673E-01 -9.302326917526E-02 -2.939670899751E+00  1.177300480595E-01 -2.394207068715E-01  7.966856046460E+01  1.039825050278E-02  4.757733855777E+03  3.081108045719E+00 -3.678572111745E+00  4.132078557174E-01 -2.249758598796E-01 -7.010995661869E-02  0.000000000000E+00 
  5.900000000000E+00  1.143376026909E+01 -4.823066632392E-01  1.250422281482E-01 -2.309714539240E+00  1.411721084401E-01 -1.992156013774E-01  8.026550485195E+01  2.877593639312E-03  4.757696506453E+03  2.800858795462E+00 -3.354153289718E+00  5.145181577438E-01 -3.093689220708E-01 -5.239450227423E-02  0.000000000000E+00 
  5.950000000000E+00  1.113985657499E+01 -3.882816747641E-01  4.205639198133E-01 -1.321768359705E+00  1.175017381520E-01 -1.273299523320E-01  8.081670292623E+01 -7.720418319937E-03  4.757651663960E+03  1.884125907328E+00 -3.003263033781E+00  6.016913934981E-01 -3.614164577577E-01 -3.826767402403E-02  0.000000000000E+00 
  6.000000000000E+00  1.115260847784E+01 -3.194863772271E-01  6.303874057432E-01 -6.531622182797E-01  6.271530777422E-02 -6.493516637563E-02  8.135447771327E+01 -1.737263985155E-02  4.757597351861E+03  1.212460137141E+00 -2.751968417557E+00  6.684559443040E-01 -3.876700551584E-01 -2.736407939000E-02  0.000000000000E+00 
  6.050000000000E+00  1.124750919350E+01 -2.774888769014E-01  7.271065305816E-01 -3.059338471708E-01  1.190785238731E-03 -3.050733341787E-02  8.189304767888E+01 -2.531852048121E-02  4.757536940226E+03  8.784842062113E-01 -2.664254343476E+00  7.133897328967E-01 -3.938768115355E-01 -1.917184759299E-02  0.000000000000E+00 
  6.100000000000E+00  1.135676706146E+01 -2.468540817403E-01  7.448240561980E-01 -1.439753691751E-01 -5.370834772632E-02 -1.717169939589E-02  8.243647832298E+01 -3.166495441982E-02  4.757473573474E+03  7.376619685154E-01 -2.742779501886E+00  7.340044041932E-01 -3.849897344620E-01 -1.315956292079E-02  0.000000000000E+00 
  6.150000000000E+00  1.146471814990E+01 -2.189018988802E-01  7.192346121470E-01 -7.110251547726E-02 -9.730614098079E-02 -1.377102912511E-02  8.298584779552E+01 -3.655933113873E-02  4.757408740580E+03  6.815826110588E-01 -2.962065886323E+00  7.313521759896E-01 -3.652026689380E-01 -8.840861992435E-03  0.000000000000E+00 
  6.200000000000E+00  1.156995950386E+01 -1.907139122942E-01  6.743536819859E-01 -3.817073876065E-02 -1.291770265191E-01 -1.370313795659E-02  8.354146713158E+01 -4.010500683357E-02  4.757342697871E+03  6.575597299843E-01 -3.288966547893E+00  7.105227251492E-01 -3.380022339268E-01 -5.801647693645E-03  0.000000000000E+00 
  6.250000000000E+00  1.167493719259E+01 -1.619960306118E-01  6.234940251037E-01 -2.287201733747E-02 -1.506715325797E-01 -1.417128955283E-02  8.410349275326E+01 -4.238324913705E-02  4.757275073060E+03  6.441587512348E-01 -3.691744890033E+00  6.777056676497E-01 -3.062306059564E-01 -3.706070216392E-03  0.000000000000E+00 
  6.300000000000E+00  1.178282096702E+01 -1.332911783547E-01  5.727567108463E-01 -1.544002651844E-02 -1.636819388639E-01 -1.423866299509E-02  8.467210002099E+01 -4.346842181693E-02  4.757205288956E+03  6.336137694710E-01 -4.143423726457E+00  6.383663246665E-01 -2.721542037148E-01 -2.291423470563E-03  0.000000000000E+00 
  6.350000000000E+00  1.189640359167E+01 -1.052563114668E-01  5.241305466188E-01 -1.158483280537E-02 -1.700466589296E-01 -1.370806708080E-02  8.524752490637E+01 -4.343183197367E-02  4.757132796912E+03  6.235031590799E-01 -4.622430431051E+00  5.967419187272E-01 -2.375343998957E-01 -1.358101323070E-03  0.000000000000E+00 
  6.400000000000E+00  1.201773488902E+01 -7.843339866318E-02  4.776122431978E-01 -9.385807566700E-03 -1.713091371007E-01 -1.263751219255E-02  8.583006094121E+01 -4.234129027038E-02  4.757057177842E+03  6.133380047061E-01 -5.112050470189E+00  5.559165301103E-01 -2.036973152786E-01 -7.581516578627E-04  0.000000000000E+00 
  6.450000000000E+00  1.214807477351E+01 -5.320612668611E-02  4.324534820670E-01 -7.966202182643E-03 -1.686662491150E-01 -1.115388604519E-02  8.642004163661E+01 -4.025996903768E-02  4.756978167586E+03  6.032481652987E-01 -5.599482727117E+00  5.180462496194E-01 -1.716005403418E-01 -3.843170036226E-04  0.000000000000E+00 
  6.500000000000E+00  1.228798084651E+01 -2.981608540487E-02  3.878047180267E-01 -6.922212378672E-03 -1.630046152990E-01 -9.386476936014E-03  8.701782024805E+01 -3.724556284933E-02  4.756895646281E+03  5.934969840090E-01 -6.074888889633E+00  4.845814060528E-01 -1.418952901926E-01 -1.604429221645E-04  0.000000000000E+00 
  6.550000000000E+00  1.243743977726E+01 -8.392906657268E-03  3.429955216925E-01 -6.070173137285E-03 -1.549671888301E-01 -7.445988837725E-03  8.762375149891E+01 -3.334983816853E-02  4.756809614931E+03  5.843154715400E-01 -6.530599202252E+00  4.564483955467E-01 -1.149830400841E-01 -3.354787985428E-05  0.000000000000E+00 
  6.600000000000E+00  1.259599967228E+01  1.101655285990E-02  2.976175218163E-01 -5.331139555788E-03 -1.450211879072E-01 -5.420412287609E-03  8.823817671458E+01 -2.861846232374E-02  4.756720170918E+03  5.758587249725E-01 -6.960514937972E+00  4.341898181806E-01 -9.106612338727E-02  3.247156191681E-05  0.000000000000E+00 
  6.650000000000E+00  1.276288579796E+01  2.842408704293E-02  2.515117680942E-01 -4.677170819854E-03 -1.335152340271E-01 -3.376917309547E-03  8.886141244089E+01 -2.309101150765E-02  4.756627487361E+03  5.682080436789E-01 -7.359691235223E+00  4.180699177222E-01 -7.019211424867E-02  6.168143193779E-05  0.000000000000E+00 
  6.700000000000E+00  1.293709463621E+01  4.388151615234E-02  2.047179887607E-01 -4.106795199103E-03 -1.207224158008E-01 -1.365619067247E-03  8.949374206732E+01 -1.680109655794E-02  4.756531797594E+03  5.613886317090E-01 -7.724063293785E+00  4.081527970502E-01 -5.229207591072E-02  6.973589722065E-05  0.000000000000E+00 
  6.750000000000E+00  1.311746710094E+01  5.746681543310E-02  1.574156680449E-01 -3.635448099901E-03 -1.068701467060E-01  5.763775941693E-04  9.013540981380E+01 -9.776572605119E-03  4.756433384343E+03  5.553912138987E-01 -8.050276297126E+00  4.043597812667E-01 -3.721294497450E-02  6.653056150686E-05  0.000000000000E+00 
  6.800000000000E+00  1.330274405749E+01  6.927388493231E-02  1.098708458552E-01 -3.295103427245E-03 -9.215927038939E-02  2.421188850538E-03  9.078661646166E+01 -2.039812206507E-03  4.756332572503E+03  5.501938496625E-01 -8.335584618023E+00  4.065111684139E-01 -2.474445314413E-02  5.810332893050E-05  0.000000000000E+00 
  6.850000000000E+00  1.349160782662E+01  7.940471135246E-02  6.239375310736E-02 -3.142115316449E-03 -7.677516653584E-02  4.146619659770E-03  9.144751630925E+01  6.391973801585E-03  4.756229724370E+03  5.457844633199E-01 -8.577793522060E+00  4.143566951004E-01 -1.464107167371E-02  4.796864955644E-05  0.000000000000E+00 
  6.900000000000E+00  1.368271305125E+01  8.796247152119E-02  1.530791471184E-02 -3.276632262604E-03 -6.089333365585E-02  5.732489807154E-03  9.211821495542E+01  1.550638465040E-02  4.756125236279E+03  5.421882346492E-01 -8.775224150620E+00  4.275983714164E-01 -6.639509231873E-03  3.803507763757E-05  0.000000000000E+00 
  6.950000000000E+00  1.387470943556E+01  9.504356508757E-02 -3.107065586800E-02 -3.883661873907E-03 -4.468144408893E-02  7.155889120713E-03  9.279876762642E+01  2.529547130255E-02  4.756019535865E+03  5.395095075997E-01 -8.926688988285E+00  4.459089881370E-01 -4.723094874324E-04  2.922294980593E-05  0.000000000000E+00 
  7.000000000000E+00  1.406625885840E+01  1.007250878670E-01 -7.644620943156E-02 -5.319759813879E-03 -2.829936543708E-02  8.383400264934E-03  9.348917784922E+01  3.575541402818E-02  4.755913079381E+03  5.380093225883E-01 -9.031470020829E+00  4.689498332305E-01  4.121912425039E-03  2.187063756416E-05  0.000000000000E+00 
  7.050000000000E+00  1.425604909416E+01  1.050405360350E-01 -1.205506849142E-01 -8.301414259367E-03 -1.189815937748E-02  9.355989663954E-03  9.418939642259E+01  4.688632474404E-02  4.755806348710E+03  5.382661600920E-01 -9.089295412061E+00  4.963926347404E-01  7.391079177001E-03  1.599474573448E-05  0.000000000000E+00 
  7.100000000000E+00  1.444279941673E+01  1.079271869584E-01 -1.631474569691E-01 -1.432916654849E-02  4.381358682617E-03  9.956654148369E-03  9.489932056138E+01  5.869237131250E-02  4.755699847896E+03  5.415316603798E-01 -9.100312910888E+00  5.279551050912E-01  9.564626178815E-03  1.145151980375E-05  0.000000000000E+00 
  7.150000000000E+00  1.462525100178E+01  1.091049965569E-01 -2.040336301748E-01 -2.667772019811E-02  2.041036263806E-02  9.936950775737E-03  9.561879294638E+01  7.118269362931E-02  4.755594099163E+03  5.505538372778E-01 -9.065059693073E+00  5.634708372083E-01  1.085040475402E-02  8.032932472543E-06  0.000000000000E+00 
  7.200000000000E+00  1.480209529117E+01  1.077852594963E-01 -2.430446857169E-01 -5.279140890791E-02  3.607508676946E-02  8.742702326192E-03  9.634759979958E+01  8.437428102641E-02  4.755489638582E+03  5.715552648936E-01 -8.984428799587E+00  6.030434980517E-01  1.143312278654E-02  5.520674608699E-06  0.000000000000E+00 
  7.250000000000E+00  1.497160595443E+01  1.019422665511E-01 -2.800710105902E-01 -1.102809931040E-01  5.128677110284E-02  5.084413206876E-03  9.708546389480E+01  9.829980494623E-02  4.755387012314E+03  6.191548402041E-01 -8.859630298666E+00  6.474108560616E-01  1.147398009032E-02  3.713834189492E-06  0.000000000000E+00 
  7.300000000000E+00  1.512970434893E+01  8.642542279653E-02 -3.151246571404E-01 -2.423869667218E-01  6.602656318067E-02 -4.157620626478E-03  9.783201228269E+01  1.130281814203E-01  4.755286777952E+03  7.290034190296E-01 -8.692132739425E+00  6.988411755818E-01  1.111120313881E-02  2.440753324400E-06  0.000000000000E+00 
  7.350000000000E+00  1.525904223800E+01  4.788469404588E-02 -3.486553229760E-01 -5.583347533082E-01  8.057816927293E-02 -2.676507274491E-02  9.858660999979E+01  1.287174267261E-01  4.755189536036E+03  9.908962151239E-01 -8.483502475894E+00  7.633810320244E-01  1.046122908758E-02  1.561863879128E-06  0.000000000000E+00 
  7.400000000000E+00  1.526376579807E+01 -4.951509566087E-02 -3.832624396457E-01 -1.330523144149E+00  9.682391436510E-02 -8.177674956812E-02  9.934742848729E+01  1.457373750602E-01  4.755096139962E+03  1.632938374354E+00 -8.234672857533E+00  8.562362432689E-01  9.620331215354E-03  9.677831823551E-07  0.000000000000E+00 
  7.450000000000E+00  1.460294706833E+01 -3.076560597032E-01 -4.314243438178E-01 -3.073067471776E+00  1.251712607209E-01 -2.000035149734E-01  1.001059653250E+02  1.647651085961E-01  4.755008935713E+03  3.165663028909E+00 -7.941755085000E+00  1.009969387246E+00  8.666516350498E-03  5.752686406879E-07  0.000000000000E+00 
  7.500000000000E+00  1.156364433243E+01 -9.378979633983E-01 -4.743501669296E-01 -4.910561702855E+00  2.008529474298E-01 -2.610356608492E-01  1.008189409357E+02  1.840854269060E-01  4.754936419086E+03  5.684329708315E+00 -7.568289604957E+00  1.236364877256E+00  7.661559190658E-03  3.225329850184E-07  0.000000000000E+00 
  7.550000000000E+00  9.397339591955E+00 -7.755255004780E-01  2.625100768986E-02 -2.479179200068E+00  2.490960190537E-01 -5.215859463627E-02  1.013715310007E+02  1.778545248564E-01  4.754881893756E+03  4.353332718599E+00 -6.987216066878E+00  1.407922657645E+00  6.653068544065E-03  1.647263877402E-07  0.000000000000E+00 
  7.600000000000E+00  9.329312318716E+00 -5.683087223768E-01  6.935414437282E-01 -7.072596150940E-01  1.908444365560E-01  7.001464995505E-02  1.018359420091E+02  1.619284620106E-01  4.754810359068E+03  2.323450190862E+00 -6.377250648476E+00  1.824049950999E+00  5.676506476062E-03  6.996580276342E-08  0.000000000000E+00 
  7.650000000000E+00  9.543208618489E+00 -5.070887868690E-01  1.099915407925E+00 -1.073939045435E-01  1.001788944183E-01  1.003396696238E-01  1.023009553875E+02  1.514484775902E-01  4.754715206830E+03  1.830011967346E+00 -5.973449203673E+00  2.237188582715E+00  4.757103318924E-03  1.604274899214E-08  0.000000000000E+00 
  7.700000000000E+00  9.813400107253E+00 -4.699986079693E-01  1.327767305621E+00  3.321181938312E-02  5.748133077892E-03  6.609404740267E-02  1.027769116557E+02  1.452582825057E-01  4.754605509293E+03  1.896033928118E+00 -5.831984051237E+00  2.529997473901E+00  3.911629769331E-03 -1.219558310632E-08  0.000000000000E+00 
  7.750000000000E+00  1.010838381419E+01 -4.187955980439E-01  1.436365819367E+00  3.781625506668E-02 -8.321625125001E-02  2.529801755654E-02  1.032660123277E+02  1.429502078847E-01  4.754486155096E+03  2.039785710405E+00 -5.949631386638E+00  2.668236919677E+00  3.150002185814E-03 -2.486371966445E-08  0.000000000000E+00 
  7.800000000000E+00  1.042418943362E+01 -3.518495994879E-01  1.416017684066E+00  1.861380561337E-02 -1.620041949082E-01 -6.689840153165E-04  1.037693727990E+02  1.446439774648E-01  4.754360779404E+03  2.132207872958E+00 -6.305108678716E+00  2.690743066017E+00  2.476709068506E-03 -2.855109909701E-08  0.000000000000E+00 
  7.850000000000E+00  1.074972817971E+01 -2.780918465520E-01  1.227379270128E+00  4.542228002047E-03 -2.233496515775E-01 -1.259918892809E-02  1.042880926638E+02  1.505899091960E-01  4.754233092984E+03  2.172417763299E+00 -6.861112895058E+00  2.648955859283E+00  1.892055926689E-03 -2.743094397639E-08  1.002389058821E-01 
  7.900000000000E+00  1.103698211703E+01 -2.076490198574E-01  8.976515137870E-01 -1.676516016501E-03 -2.531891390982E-01 -1.660928809837E-02  1.048222360178E+02  1.608269869327E-01  4.754103727869E+03  2.184391460230E+00 -7.549570685370E+00  2.579196862935E+00  1.393232681832E-03 -2.405566027613E-08  2.659281745609E-01 
  7.950000000000E+00  1.130820706889E+01 -1.365819308888E-01  6.922696679769E-01 -4.756972498698E-03 -2.578284700805E-01 -1.705878694366E-02  1.053701849496E+02  1.750286284115E-01  4.753972002011E+03  2.185131281807E+00 -8.283742535151E+00  2.501496035560E+00  9.752127651082E-04 -1.991581928757E-08  3.739297976374E-01 
  8.000000000000E+00  1.158188432512E+01 -6.654715509912E-02  5.720717342148E-01 -6.458468917414E-03 -2.496212864513E-01 -1.535113890685E-02  1.059310093465E+02  1.928841508739E-01  4.753834885591E+03  2.179942752617E+00 -9.010495825676E+00  2.426011754238E+00  6.314964745603E-04 -1.582504538175E-08  4.292455667687E-01 
  8.050000000000E+00  1.186734577871E+01  1.174862181861E-03  4.952025317264E-01 -7.225958980113E-03 -2.357027849076E-01 -1.209439725664E-02  1.065047035593E+02  2.142108640319E-01  4.753691509203E+03  2.170942936716E+00 -9.704617058360E+00  2.359080092314E+00  3.547132550618E-04 -1.217945513710E-08  4.397011355663E-01 
  8.100000000000E+00  1.216707017309E+01  6.547229501822E-02  4.337425558077E-01 -7.250678764909E-03 -2.193002186106E-01 -7.717145821629E-03  1.070917577828E+02  2.389098721343E-01  4.753542442418E+03  2.159476649068E+00 -1.035526142112E+01  2.305033318094E+00  1.370986192283E-04 -9.128543223131E-09  4.147151964082E-01 
  8.150000000000E+00  1.247969736019E+01  1.254142599308E-01  3.720176268607E-01 -6.708647758928E-03 -2.013911534035E-01 -2.580560733067E-03  1.076928451917E+02  2.669228522730E-01  4.753388914256E+03  2.146518785403E+00 -1.095721199965E+01  2.266851999446E+00 -2.913832791702E-05 -6.684819916872E-09  3.642288599303E-01 
  8.200000000000E+00  1.280198533193E+01  1.802793875323E-01  3.030065197780E-01 -5.781877298340E-03 -1.818959104692E-01  3.015606553959E-03  1.083086297257E+02  2.982056809421E-01  4.753232291936E+03  2.132688928137E+00 -1.150626625305E+01  2.246516085599E+00 -1.515411630197E-04 -4.791966418130E-09  2.978392985990E-01 
  8.250000000000E+00  1.313003686802E+01  2.295611417565E-01  2.251775765728E-01 -4.633910276474E-03 -1.604251481280E-01  8.836902088254E-03  1.089396605197E+02  3.327157903038E-01  4.753073793125E+03  2.118270167611E+00 -1.199738095262E+01  2.245256203166E+00 -2.372114252552E-04 -3.365522908107E-09  2.241563330751E-01 
  8.300000000000E+00  1.346002868178E+01  2.729529466659E-01  1.400676904932E-01 -3.393475774983E-03 -1.366892273321E-01  1.470696667574E-02  1.095863263870E+02  3.704084798559E-01  4.752914367676E+03  2.103294840094E+00 -1.242444773707E+01  2.263738862978E+00 -2.926792167699E-04 -2.315846285613E-09  1.503796269651E-01 
  8.350000000000E+00  1.378858321004E+01  3.103244449015E-01  5.057960398342E-02 -2.157353538566E-03 -1.106708248462E-01  2.049233076260E-02  1.102488487380E+02  4.112382067242E-01  4.752754689490E+03  2.087667511976E+00 -1.278087789307E+01  2.302187330453E+00 -3.238267245176E-04 -1.559963147042E-09  8.207809807790E-02 
  8.400000000000E+00  1.411289593831E+01  3.416965597389E-01 -4.010827183978E-02 -1.010319245735E-03 -8.264639852216E-02  2.608654557159E-02  1.109272955545E+02  4.551620178593E-01  4.752595210668E+03  2.071288216724E+00 -1.306044481128E+01  2.360448510541E+00 -3.358536469364E-04 -1.026727631298E-09  2.314213258659E-02 
  8.450000000000E+00  1.443071523525E+01  3.672169905297E-01 -1.291565166274E-01 -6.508728311949E-05 -5.312457616558E-02  3.139751806896E-02  1.116216037053E+02  5.021433185021E-01  4.752436242422E+03  2.054160722412E+00 -1.325805358293E+01  2.438027095907E+00 -3.332749119647E-04 -6.581473516672E-10 -2.412711424504E-02 
  8.500000000000E+00  1.474025630419E+01  3.871323695296E-01 -2.143451211650E-01  4.523676755717E-04 -2.275126652924E-02  3.633700138904E-02  1.123316016922E+02  5.521550014105E-01  4.752278038781E+03  2.036502346720E+00 -1.337027622493E+01  2.534110626984E+00 -3.199424437680E-04 -4.086835074696E-10 -5.882923042350E-02 
  8.550000000000E+00  1.504008788066E+01  4.017448067979E-01 -2.941407548902E-01 -1.547411232794E-05  7.786066902743E-03  4.080555136748E-02  1.130570285958E+02  6.051815876564E-01  4.752120868907E+03  2.018927818938E+00 -1.339560826566E+01  2.647606361564E+00 -2.990840355814E-04 -2.436241704913E-10 -8.121360913102E-02 
  8.600000000000E+00  1.532902378879E+01  4.113183636322E-01 -3.676447253640E-01 -2.989197409049E-03  3.783696838761E-02  4.465443640266E-02  1.137975474022E+02  6.612206172734E-01  4.751965071171E+03  2.002931482260E+00 -1.333447417646E+01  2.777212051493E+00 -2.733535889675E-04 -1.371679990436E-10 -9.239913566986E-02 
  8.650000000000E+00  1.570602506963E+01  4.098083865460E-01 -4.585132172317E-01 -1.324417164827E-02  6.800790501572E-02  4.752148912862E-02  1.145529562212E+02  7.202862997630E-01  4.751811103204E+03  1.992610914103E+00 -1.318815901534E+01  2.921540859271E+00 -9.311405367859E-02 -7.056238451242E-11 -9.409225968898E-02 
  8.700000000000E+00  1.603102996548E+01  4.039597362195E-01 -5.333568926807E-01 -4.694182110342E-02  9.869455818241E-02  4.837365898374E-02  1.153228198031E+02  7.824247442406E-01  4.751659613906E+03  2.000857826998E+00 -1.295438968471E+01  3.079538018254E+00 -1.591769171226E-01 -3.046004389227E-11 -8.832501939594E-02 
  8.750000000000E+00  1.629896964190E+01  3.880478814046E-01 -5.910207251949E-01 -1.603717532510E-01  1.276243048040E-01  4.409020100232E-02  1.161061730229E+02  8.477370647038E-01  4.751511372696E+03  2.070656998428E+00 -1.263532393037E+01  3.251730301391E+00 -1.832961688300E-01 -7.552446151245E-12 -7.722817814093E-02 
  8.800000000000E+00  1.650996632574E+01  3.367340915247E-01 -6.389204820982E-01 -5.603122581291E-01  1.539150217185E-01  2.289893778668E-02  1.169022301859E+02  9.165052299849E-01  4.751367286989E+03  2.357957698880E+00 -1.223821841379E+01  3.444791324973E+00 -1.826839587020E-01  4.519628406360E-12 -6.284854479032E-02 
  8.850000000000E+00  1.646287901061E+01  1.479462109673E-01 -6.938606050194E-01 -2.018485143494E+00  1.791905808707E-01 -6.128228640440E-02  1.177086866657E+02  9.896344771189E-01  4.751228890933E+03  3.450478906588E+00 -1.177313503300E+01  3.685904913441E+00 -1.686052113688E-01  1.000676864340E-11 -4.701416334963E-02 
  8.900000000000E+00  1.356600086431E+01 -7.774814376936E-01 -8.645632209598E-01 -6.365961959846E+00  2.173654795043E-01 -3.054037685682E-01  1.185048185355E+02  1.069004866804E+00  4.751104857758E+03  7.277060308668E+00 -1.125502629778E+01  4.037677776854E+00 -1.482279314783E-01  1.168244295942E-11 -3.124661942103E-02 
  8.950000000000E+00  6.182258303810E+00 -3.125511439109E+00 -6.292602173188E-01 -3.529336728729E+00  2.774651526017E-01  3.948307375049E-01  1.191090902119E+02  1.122722193538E+00  4.751040057207E+03  9.891343689406E+00 -1.060659851160E+01  4.139264704015E+00 -1.259423924223E-01  1.130638596089E-11 -1.671633932064E-02 
  9.000000000000E+00  6.048780510367E+00 -2.505797046386E+00  4.521980643138E-01 -6.837061330406E-01  2.174137928924E-01  4.450199390124E-01  1.194158023973E+02  1.015870073547E+00  4.751007928634E+03  5.428979852102E+00 -1.006191666038E+01  5.488783695813E+00 -1.042908881027E-01  4.900064234873E-04 -4.234463050182E-03 
  9.050000000000E+00  6.272504250111E+00 -2.343921306262E+00  1.509589520900E+00  2.134670254347E-01  1.563246986618E-01  4.063688612287E-01  1.197198772872E+02  9.248468706648E-01  4.750918973242E+03  4.892872923324E+00 -9.649580814548E+00  6.873980753220E+00 -8.461475695103E-02  4.123528710475E-03  5.726417667019E-03 
  9.100000000000E+00  6.350430540606E+00 -2.151445113276E+00  2.977617782801E+00  3.712677123038E-01  1.088729931243E-01  1.280251725851E-01  1.200244716419E+02  8.412203349243E-01  4.750765992920E+03  5.719657478889E+00 -9.339218079350E+00  7.740626556656E+00 -6.749825227223E-02  7.087742683011E-03  1.299078195487E-02 
  9.150000000000E+00  6.365953540426E+00 -1.829429598964E+00  4.189093002186E+00  6.808221699474E-02  2.428980424683E-02 -1.312151937243E-01  1.203217443334E+02  7.631229103559E-01  4.750547616946E+03  6.381553697888E+00 -9.138001942512E+00  7.736328079193E+00 -5.306802030903E-02  9.459778646814E-03  1.762579966877E-02 
  9.200000000000E+00  6.378444377465E+00 -1.464573811562E+00  5.108130467668E+00 -1.374884352365E-01 -9.004740993960E-02 -1.088905631465E-01  1.206102987147E+02  6.937257242073E-01  4.750275928641E+03  6.335909856170E+00 -9.189239910367E+00  7.404652583190E+00 -4.119115502590E-02  1.131098467532E-02  1.988107280403E-02 
  9.250000000000E+00  6.412061903614E+00 -1.126302875396E+00  5.781227713262E+00 -9.030031234294E-02 -2.297561595177E-01 -5.246545339496E-03  1.208904466587E+02  6.358362901520E-01  4.749961827587E+03  6.135089628217E+00 -9.622496459342E+00  7.202704022632E+00 -3.160293729783E-02  1.270702597100E-02  2.012836678373E-02 
  9.300000000000E+00  6.497514063617E+00 -8.238389032080E-01  6.245545969638E+00  1.941662991320E-02 -3.898957433877E-01  4.243323708278E-02  1.211632475490E+02  5.897067581988E-01  4.749614643236E+03  6.051370991610E+00 -1.049756775508E+01  7.077509506206E+00 -2.398654509836E-02  1.370803776471E-02  1.880586579658E-02 
  9.350000000000E+00  6.658723795434E+00 -5.574359573462E-01  6.533483753737E+00  1.093336807359E-01 -5.656938056431E-01  3.127358997791E-02  1.214301355548E+02  5.545685891372E-01  4.749241552930E+03  6.076574890087E+00 -1.185682849480E+01  6.948972897214E+00 -1.802052494332E-02  1.436882074895E-02  1.637011472952E-02 
  9.400000000000E+00  6.910584767398E+00 -3.260487935408E-01  6.673116857907E+00  1.221229702556E-01 -7.518751728734E-01 -4.170217647354E-02  1.216927185395E+02  5.293611096181E-01  4.748847585847E+03  6.214921045898E+00 -1.373466610279E+01  6.775806178990E+00 -1.340507744275E-02  1.473906938596E-02  1.325751282901E-02 
  9.450000000000E+00  7.261362503460E+00 -1.234210809153E-01  6.686263170469E+00 -3.738424946058E-02 -9.447218179660E-01 -1.514430662954E-01  1.219526751494E+02  5.127696416112E-01  4.748435858636E+03  6.454957655701E+00 -1.614657903275E+01  6.478768763613E+00 -9.874789861496E-03  1.486362466743E-02  9.856081703744E-03 
  9.500000000000E+00  7.714226806623E+00  6.178193257852E-02  6.588712425732E+00 -3.461803500413E-01 -1.143199393437E+00 -1.578505370986E-01  1.222116772486E+02  5.032950181021E-01  4.748007777830E+03  6.632780478153E+00 -1.909304864257E+01  5.948350037913E+00 -7.203005758835E-03  1.478274403262E-02  6.487293327675E-03 
  9.550000000000E+00  8.269607076127E+00  2.324424995892E-01  6.390814379866E+00 -3.601988355193E-01 -1.336905034095E+00  1.130690450241E-01  1.224712252234E+02  4.998398952546E-01  4.747563151975E+03  6.452860214307E+00 -2.259719339525E+01  5.271111790545E+00 -5.201296605394E-03  1.453238217969E-02  3.397036005322E-03 
  9.600000000000E+00  8.926650078385E+00  3.555381322070E-01  6.100962790707E+00  3.376509209266E-01 -1.531268587546E+00  3.913569034184E-01  1.227323808787E+02  5.026417982656E-01  4.747100202805E+03  6.116708841319E+00 -2.669358510697E+01  4.950028725829E+00 -3.716297006977E-03  1.414447743621E-02  7.543188852361E-04 
  9.650000000000E+00  9.695675856896E+00  4.045436703139E-01  5.710784285499E+00  6.422233820268E-01 -1.718318774957E+00  2.226084900913E-02  1.229958527769E+02  5.116663325230E-01  4.746615764561E+03  6.711124315372E+00 -3.138017532620E+01  5.034250663155E+00 -2.625337577341E-03  1.364723919316E-02 -1.343947946267E-03 
  9.700000000000E+00  1.056999674985E+01  5.042863977902E-01  5.220245286503E+00 -4.115501308321E-01 -1.902188379263E+00 -3.904277728922E-01  1.232626095778E+02  5.226713573327E-01  4.746105481798E+03  8.057226156039E+00 -3.650451395680E+01  4.088761383332E+00 -1.831749440558E-03  1.306543265863E-02 -2.863839312994E-03 
  9.750000000000E+00  1.154785960886E+01  7.161745604285E-01  4.630461480932E+00 -2.789039867172E-01 -2.070449240908E+00  1.283294411125E-01  1.235328736011E+02  5.333638300224E-01  4.745563408936E+03  8.187140208628E+00 -4.205847248440E+01  2.274497299486E+00 -1.260342587113E-03  1.242065785748E-02 -3.822637992061E-03 
  9.800000000000E+00  1.266752314867E+01  7.522313184503E-01  3.889861936910E+00  3.032140165291E-01 -2.231287794167E+00  1.504119342838E-01  1.238054567165E+02  5.487878701500E-01  4.744981807035E+03  8.560455559017E+00 -4.822935498653E+01  1.690004654380E+00 -8.533194054503E-04  1.173162039751E-02 -4.275886253707E-03 
  9.850000000000E+00  1.404469322402E+01  7.950453046172E-01  2.545456230136E+00 -5.889071356177E-02 -2.303114464813E+00 -3.102391537881E-04  1.240849722930E+02  5.656367963965E-01  4.744353572376E+03  1.011632267213E+01 -5.473520569144E+01  2.791613338672E-01 -5.667334275292E-04  1.101439204678E-02 -4.304506045188E-03 
  9.900000000000E+00  1.558433997170E+01  8.994722016671E-01 -3.994569340276E-01 -3.371428878524E-02 -1.795785165043E+00  3.824159813746E-02  1.244325874648E+02  5.941216572502E-01  4.743693709047E+03  1.172067007189E+01 -6.061686004543E+01 -1.707149485169E+00 -3.675123912198E-04  1.028265962530E-02 -4.002940693209E-03 
  9.950000000000E+00  1.684530910756E+01  9.742006749355E-01 -1.751384573043E+00 -8.833987536037E-02 -1.153019368482E+00  6.389525348190E-02  1.248477606423E+02  6.350317578362E-01  4.742994047111E+03  1.318828239767E+01 -6.477441771543E+01 -3.375583735826E+00 -2.310136003500E-04  9.547961114328E-03 -3.468977425011E-03 
  1.000000000000E+01  1.813623791891E+01  9.930341616647E-01 -2.225113735924E+00 -3.911207379854E-01 -5.914219619005E-01  9.653051100538E-02  1.252851901801E+02  6.792269172685E-01  4.742229793016E+03  1.417580861698E+01 -6.722870322272E+01 -4.302536231277E+00 -1.390540405035E-04  8.819908231090E-03 -2.795633641179E-03 
  1.005000000000E+01  1.922144177042E+01  7.275314276692E-01 -2.378877565409E+00 -2.769111100372E+00 -1.613599216846E-01  1.692171190326E-01  1.257353332662E+02  7.266976626799E-01  4.741396855508E+03  1.563144723816E+01 -6.828961558413E+01 -4.337008963785E+00 -7.834809293109E-05  8.106395012784E-03 -2.065247580248E-03 
  1.010000000000E+01  1.464770854788E+00 -8.145520670316E+00 -2.718408402325E+00 -1.818388251374E+01 -1.153423451902E+00  4.779300310861E-02  1.262019245762E+02  8.014305317472E-01  4.740554543650E+03  2.892238376313E+01 -6.837830907570E+01 -4.849177650555E+00 -3.928548776939E-05  7.413792204646E-03 -1.345716264258E-03 
  1.015000000000E+01  2.723843080252E+00 -6.763784448249E+00 -2.037487765885E-01  3.027275095113E+01 -3.966986106554E+00  3.252982836972E+01  1.265034643777E+02  4.267171743827E-01  4.740601975204E+03  5.769382263929E+01 -6.794479990667E+01 -5.257513678530E+01 -1.498709560469E-05  6.747127457741E-03 -6.886751426186E-04 
  1.020000000000E+01  2.149069295732E+02  1.017092965585E+02 -1.386320064348E+02 -1.730423292373E+03  1.071626161150E+03  1.291327605234E+02  1.292886704558E+02  6.294731948522E+00  4.744108179902E+03 -6.361629045568E+01  4.719048071918E+01 -6.080814594640E+01 -5.835599866628E-07  6.110251517096E-03 -1.293146132426E-04 
  1.025000000000E+01  1.136458796368E+26  1.646437785576E+25  1.661044423357E+26  2.832631943185E+27 -8.957027141002E+26  5.543709804522E+26  1.075125432891E+33  1.746881138151E+33  1.674311904021E+33  1.278014837126E+02 -3.680635902458E+01 -1.664857280564E+02  7.330043653149E-06  5.505990723717E-03  3.125251427569E-04 
  1.030000000000E+01                 NAN                 NAN                 NAN                 NAN                 NAN                 NAN                 NAN                 NAN                 NAN                 NAN                 NAN                 NAN  1.110234424109E-05  4.936286268631E-03  6.303541316571E-04 
