---------------------------------------------------------
Longitudinal A and B matrix Results:
---------------------------------------------------------
Matrix A:
---------------------------------------------------------
  -0.0489831    0.4002270   -0.1245000    0.0000000    0.0000000   -0.6280000
  -1.2560000   -5.5024916   10.7377332    0.0000000    0.0000000   -0.0000000
  -0.0092000   -1.3102000   -9.7181000    0.0000000    0.0000000    0.0000000
   1.0000000    0.0000000    0.0000000    0.0000000    0.0000000   -0.0000000
  -0.0000000    1.0000000    0.0000000    0.0000000    0.0000000   -1.0000000
   0.0000000    0.0000000    1.0000000    0.0000000    0.0000000    0.0000000
---------------------------------------------------------
Matrix B:
---------------------------------------------------------
  13.0764332    0.0000000    0.0000000    0.0000000    0.0000000    0.0000000
   0.0000000   13.8299032    0.0000000    0.0000000    0.0000000    0.0000000
   0.0000000    1.9010700   71.6471049    0.0000000    0.0000000    0.0000000
   0.0000000    0.0000000    0.0000000    1.0000000    0.0000000    0.0000000
   0.0000000    0.0000000    0.0000000    0.0000000    1.0000000    0.0000000
   0.0000000    0.0000000    0.0000000    0.0000000    0.0000000    1.0000000
---------------------------------------------------------
Matrix C:
---------------------------------------------------------
  -0.0037459    0.0306067   -0.0095209    0.0000000    0.0000000   -0.0480253
  -0.0908177   -0.3978691    0.7764142    0.0000000    0.0000000    0.0000000
   0.0022813   -0.0077299   -0.1562396    0.0000000    0.0000000    0.0000000
   1.0000000    0.0000000    0.0000000    0.0000000    0.0000000    0.0000000
   0.0000000    1.0000000    0.0000000    0.0000000    0.0000000   -1.0000000
   0.0000000    0.0000000    1.0000000    0.0000000    0.0000000    0.0000000
