---------------------------------------------------------
Lateral A and B matrix Results:
---------------------------------------------------------
Matrix A:
---------------------------------------------------------
  -0.3795000   -0.3355000   -0.7392028    0.0000000    0.6280000    0.0000000
  -0.1423000   -0.6308000    0.2764000    0.0000000    0.0000000    0.0000000
   0.0856000   -0.0533000   -0.0797000    0.0000000    0.0000000    0.0000000
   1.0000000    0.0000000    0.0000000    0.0000000    0.0000000    1.0000000
   0.0000000    1.0000000    0.0000000    0.0000000    0.0000000    0.0000000
   0.0000000    0.0000000    1.0000000    0.0000000    0.0000000    0.0000000
---------------------------------------------------------
Matrix B:
---------------------------------------------------------
   1.0897028    0.0000000    0.0000000    0.0000000    0.0000000    0.0000000
   0.0000000    0.0557029   -0.0018096    0.0000000    0.0000000    0.0000000
   0.0000000   -0.0018096    0.0940183    0.0000000    0.0000000    0.0000000
   0.0000000    0.0000000    0.0000000    1.0000000    0.0000000    0.0000000
   0.0000000    0.0000000    0.0000000    0.0000000    1.0000000    0.0000000
   0.0000000    0.0000000    0.0000000    0.0000000    0.0000000    1.0000000
---------------------------------------------------------
Matrix C:
---------------------------------------------------------
  -0.3482601   -0.3078821   -0.6783527    0.0000000    0.5763039    0.0000000
  -2.5266288  -11.3498853    4.9375913    0.0000000    0.0000000    0.0000000
   0.8618318   -0.7853608   -0.7526746    0.0000000    0.0000000    0.0000000
   1.0000000    0.0000000    0.0000000    0.0000000    0.0000000    1.0000000
   0.0000000    1.0000000    0.0000000    0.0000000    0.0000000    0.0000000
   0.0000000    0.0000000    1.0000000    0.0000000    0.0000000    0.0000000
