---------------------------------------------------------
Lateral A and B matrix Results:
---------------------------------------------------------
Matrix A:
---------------------------------------------------------
  -0.6856949   -0.5694045   -0.1195669    0.0000000    0.8744682    0.0000000
  -0.2856156   -0.6111037    0.1025135    0.0000000    0.0000000    0.0000000
   0.0386849    0.0644687   -0.0457948    0.0000000    0.0000000    0.0000000
   1.0000000    0.0000000    0.0000000    0.0000000    0.0000000    1.0000000
   0.0000000    1.0000000    0.0000000    0.0000000    0.0000000    0.0000000
   0.0000000    0.0000000    1.0000000    0.0000000    0.0000000    0.0000000
---------------------------------------------------------
Matrix B:
---------------------------------------------------------
   0.5825496    0.0000000    0.0000000    0.0000000    0.0000000    0.0000000
   0.0000000    0.0180491   -0.0005650    0.0000000    0.0000000    0.0000000
   0.0000000   -0.0005650    0.0357510    0.0000000    0.0000000    0.0000000
   0.0000000    0.0000000    0.0000000    1.0000000    0.0000000    0.0000000
   0.0000000    0.0000000    0.0000000    0.0000000    1.0000000    0.0000000
   0.0000000    0.0000000    0.0000000    0.0000000    0.0000000    1.0000000
---------------------------------------------------------
Matrix C:
---------------------------------------------------------
  -1.1770584   -0.9774352   -0.2052475    0.0000000    1.5011050    0.0000000
 -15.7983427  -33.8182063    5.6424068    0.0000000    0.0000000    0.0000000
   0.8323769    1.2687825   -1.1917603    0.0000000    0.0000000    0.0000000
   1.0000000    0.0000000    0.0000000    0.0000000    0.0000000    1.0000000
   0.0000000    1.0000000    0.0000000    0.0000000    0.0000000    0.0000000
   0.0000000    0.0000000    1.0000000    0.0000000    0.0000000    0.0000000
