---------------------------------------------------------
Longitudinal A and B matrix Results:
---------------------------------------------------------
Matrix A:
---------------------------------------------------------
  -0.0471520    0.6577335   -0.1258470    0.0000000    0.0000000   -0.8373735
  -1.6747470   -5.7543757   15.5529274    0.0000000    0.0000000   -0.0000000
   0.4603541   -1.0808229  -20.9334362    0.0000000    0.0000000    0.0000000
   1.0000000    0.0000000    0.0000000    0.0000000    0.0000000   -0.0000000
  -0.0000000    1.0000000    0.0000000    0.0000000    0.0000000   -1.0000000
   0.0000000    0.0000000    1.0000000    0.0000000    0.0000000    0.0000000
---------------------------------------------------------
Matrix B:
---------------------------------------------------------
  12.7262729    0.0000000    0.0000000    0.0000000    0.0000000    0.0000000
   0.0000000   13.4819729    0.0000000    0.0000000    0.0000000    0.0000000
   0.0000000    1.9067000  239.7703710    0.0000000    0.0000000    0.0000000
   0.0000000    0.0000000    0.0000000    1.0000000    0.0000000    0.0000000
   0.0000000    0.0000000    0.0000000    0.0000000    1.0000000    0.0000000
   0.0000000    0.0000000    0.0000000    0.0000000    0.0000000    1.0000000
---------------------------------------------------------
Matrix C:
---------------------------------------------------------
  -0.0037051    0.0516831   -0.0098888    0.0000000    0.0000000   -0.0657988
  -0.1242212   -0.4268200    1.1536092    0.0000000    0.0000000    0.0000000
   0.0029078   -0.0011136   -0.0964799    0.0000000    0.0000000    0.0000000
   1.0000000    0.0000000    0.0000000    0.0000000    0.0000000    0.0000000
   0.0000000    1.0000000    0.0000000    0.0000000    0.0000000   -1.0000000
   0.0000000    0.0000000    1.0000000    0.0000000    0.0000000    0.0000000
