---------------------------------------------------------
Lateral A and B matrix Results:
---------------------------------------------------------
Matrix A:
---------------------------------------------------------
  -0.3751943   -0.3204085   -0.2498661    0.0000000    0.8361558    0.0000000
  -0.1524550   -0.6433831    0.1264865    0.0000000    0.0000000    0.0000000
   0.0564609    0.0718240   -0.0541319    0.0000000    0.0000000    0.0000000
   1.0000000    0.0000000    0.0000000    0.0000000    0.0000000    1.0000000
   0.0000000    1.0000000    0.0000000    0.0000000    0.0000000    0.0000000
   0.0000000    0.0000000    1.0000000    0.0000000    0.0000000    0.0000000
---------------------------------------------------------
Matrix B:
---------------------------------------------------------
   0.5981989    0.0000000    0.0000000    0.0000000    0.0000000    0.0000000
   0.0000000    0.8873898   -0.0100392    0.0000000    0.0000000    0.0000000
   0.0000000   -0.0100392    1.2606445    0.0000000    0.0000000    0.0000000
   0.0000000    0.0000000    0.0000000    1.0000000    0.0000000    0.0000000
   0.0000000    0.0000000    0.0000000    0.0000000    1.0000000    0.0000000
   0.0000000    0.0000000    0.0000000    0.0000000    0.0000000    1.0000000
---------------------------------------------------------
Matrix C:
---------------------------------------------------------
  -0.6272066   -0.5356220   -0.4176973    0.0000000    1.3977888    0.0000000
  -0.1713104   -0.7244494    0.1420647    0.0000000    0.0000000    0.0000000
   0.0434231    0.0512049   -0.0418085    0.0000000    0.0000000    0.0000000
   1.0000000    0.0000000    0.0000000    0.0000000    0.0000000    1.0000000
   0.0000000    1.0000000    0.0000000    0.0000000    0.0000000    0.0000000
   0.0000000    0.0000000    1.0000000    0.0000000    0.0000000    0.0000000
