---------------------------------------------------------
Longitudinal A and B matrix Results:
---------------------------------------------------------
Matrix A:
---------------------------------------------------------
  -0.0509791    0.6353023   -0.1107376    0.0000000    0.0000000   -0.8361558
  -1.6723115   -5.8168565    9.7930930    0.0000000    0.0000000   -0.0000000
   0.0000879   -1.9915757  -20.2280014    0.0000000    0.0000000    0.0000000
   1.0000000    0.0000000    0.0000000    0.0000000    0.0000000   -0.0000000
  -0.0000000    1.0000000    0.0000000    0.0000000    0.0000000   -1.0000000
   0.0000000    0.0000000    1.0000000    0.0000000    0.0000000    0.0000000
---------------------------------------------------------
Matrix B:
---------------------------------------------------------
  12.7615776    0.0000000    0.0000000    0.0000000    0.0000000    0.0000000
   0.0000000   13.5172776    0.0000000    0.0000000    0.0000000    0.0000000
   0.0000000    1.9067000 4006.7357007    0.0000000    0.0000000    0.0000000
   0.0000000    0.0000000    0.0000000    1.0000000    0.0000000    0.0000000
   0.0000000    0.0000000    0.0000000    0.0000000    1.0000000    0.0000000
   0.0000000    0.0000000    0.0000000    0.0000000    0.0000000    1.0000000
---------------------------------------------------------
Matrix C:
---------------------------------------------------------
  -0.0039947    0.0497824   -0.0086774    0.0000000    0.0000000   -0.0655213
  -0.1237166   -0.4303275    0.7244871    0.0000000    0.0000000    0.0000000
   0.0000589   -0.0002923   -0.0053933    0.0000000    0.0000000    0.0000000
   1.0000000    0.0000000    0.0000000    0.0000000    0.0000000    0.0000000
   0.0000000    1.0000000    0.0000000    0.0000000    0.0000000   -1.0000000
   0.0000000    0.0000000    1.0000000    0.0000000    0.0000000    0.0000000
